27999187 32937562 53668543 127238577 159573757 241669312 251693205 374634459 449694440 475485699 489582472 505588389 509329008 655247208 684186939 699061968 714556704 732839726 797936791 875104850 879965814 886681181 901328992 904686015 942149430 986967454 1082597294 1120356350 1134820119 1149366185 1171417480 1193964701 1258447448 1267978424 1283547991 1328019164 1343711204 1575179853 1636178893 1639673241 1699946431 1702428709 1755604848 1884136924 1902357660 1938578414 1973385072 2084780713 2143805328
32937562 53668543 127238577 159573757 241669312 251693205 374634459 449694440 475485699 489582472 505588389 509329008 655247208 684186939 699061968 714556704 732839726 797936791 875104850 879965814 886681181 901328992 904686015 942149430 986967454 1082597294 1120356350 1134820119 1149366185 1171417480 1193964701 1258447448 1267978424 1283547991 1328019164 1343711204 1575179853 1636178893 1639673241 1699946431 1702428709 1755604848 1884136924 1902357660 1938578414 1973385072 2084780713 2143805328
53668543 127238577 159573757 241669312 251693205 374634459 449694440 475485699 489582472 505588389 509329008 655247208 684186939 699061968 714556704 732839726 797936791 875104850 879965814 886681181 901328992 904686015 942149430 986967454 1082597294 1120356350 1134820119 1149366185 1171417480 1193964701 1258447448 1267978424 1283547991 1328019164 1343711204 1575179853 1636178893 1639673241 1699946431 1702428709 1755604848 1884136924 1902357660 1938578414 1973385072 2084780713 2143805328
127238577 159573757 241669312 251693205 374634459 449694440 475485699 489582472 505588389 509329008 655247208 684186939 699061968 714556704 732839726 797936791 875104850 879965814 886681181 901328992 904686015 942149430 986967454 1082597294 1120356350 1134820119 1149366185 1171417480 1193964701 1258447448 1267978424 1283547991 1328019164 1343711204 1575179853 1636178893 1639673241 1699946431 1702428709 1755604848 1884136924 1902357660 1938578414 1973385072 2084780713 2143805328
159573757 241669312 251693205 374634459 449694440 475485699 489582472 505588389 509329008 655247208 684186939 699061968 714556704 732839726 797936791 875104850 879965814 886681181 901328992 904686015 942149430 986967454 1082597294 1120356350 1134820119 1149366185 1171417480 1193964701 1258447448 1267978424 1283547991 1328019164 1343711204 1575179853 1636178893 1639673241 1699946431 1702428709 1755604848 1884136924 1902357660 1938578414 1973385072 2084780713 2143805328
241669312 251693205 374634459 449694440 475485699 489582472 505588389 509329008 655247208 684186939 699061968 714556704 732839726 797936791 875104850 879965814 886681181 901328992 904686015 942149430 986967454 1082597294 1120356350 1134820119 1149366185 1171417480 1193964701 1258447448 1267978424 1283547991 1328019164 1343711204 1575179853 1636178893 1639673241 1699946431 1702428709 1755604848 1884136924 1902357660 1938578414 1973385072 2084780713 2143805328
251693205 374634459 449694440 475485699 489582472 505588389 509329008 655247208 684186939 699061968 714556704 732839726 797936791 875104850 879965814 886681181 901328992 904686015 942149430 986967454 1082597294 1120356350 1134820119 1149366185 1171417480 1193964701 1258447448 1267978424 1283547991 1328019164 1343711204 1575179853 1636178893 1639673241 1699946431 1702428709 1755604848 1884136924 1902357660 1938578414 1973385072 2084780713 2143805328
374634459 449694440 475485699 489582472 505588389 509329008 655247208 684186939 699061968 714556704 732839726 797936791 875104850 879965814 886681181 901328992 904686015 942149430 986967454 1082597294 1120356350 1134820119 1149366185 1171417480 1193964701 1258447448 1267978424 1283547991 1328019164 1343711204 1575179853 1636178893 1639673241 1699946431 1702428709 1755604848 1884136924 1902357660 1938578414 1973385072 2084780713 2143805328
449694440 475485699 489582472 505588389 509329008 655247208 684186939 699061968 714556704 732839726 797936791 875104850 879965814 886681181 901328992 904686015 942149430 986967454 1082597294 1120356350 1134820119 1149366185 1171417480 1193964701 1258447448 1267978424 1283547991 1328019164 1343711204 1575179853 1636178893 1639673241 1699946431 1702428709 1755604848 1884136924 1902357660 1938578414 1973385072 2084780713 2143805328
475485699 489582472 505588389 509329008 655247208 684186939 699061968 714556704 732839726 797936791 875104850 879965814 886681181 901328992 904686015 942149430 986967454 1082597294 1120356350 1134820119 1149366185 1171417480 1193964701 1258447448 1267978424 1283547991 1328019164 1343711204 1575179853 1636178893 1639673241 1699946431 1702428709 1755604848 1884136924 1902357660 1938578414 1973385072 2084780713 2143805328
489582472 505588389 509329008 655247208 684186939 699061968 714556704 732839726 797936791 875104850 879965814 886681181 901328992 904686015 942149430 986967454 1082597294 1120356350 1134820119 1149366185 1171417480 1193964701 1258447448 1267978424 1283547991 1328019164 1343711204 1575179853 1636178893 1639673241 1699946431 1702428709 1755604848 1884136924 1902357660 1938578414 1973385072 2084780713 2143805328
505588389 509329008 655247208 684186939 699061968 714556704 732839726 797936791 875104850 879965814 886681181 901328992 904686015 942149430 986967454 1082597294 1120356350 1134820119 1149366185 1171417480 1193964701 1258447448 1267978424 1283547991 1328019164 1343711204 1575179853 1636178893 1639673241 1699946431 1702428709 1755604848 1884136924 1902357660 1938578414 1973385072 2084780713 2143805328
509329008 655247208 684186939 699061968 714556704 732839726 797936791 875104850 879965814 886681181 901328992 904686015 942149430 986967454 1082597294 1120356350 1134820119 1149366185 1171417480 1193964701 1258447448 1267978424 1283547991 1328019164 1343711204 1575179853 1636178893 1639673241 1699946431 1702428709 1755604848 1884136924 1902357660 1938578414 1973385072 2084780713 2143805328
655247208 684186939 699061968 714556704 732839726 797936791 875104850 879965814 886681181 901328992 904686015 942149430 986967454 1082597294 1120356350 1134820119 1149366185 1171417480 1193964701 1258447448 1267978424 1283547991 1328019164 1343711204 1575179853 1636178893 1639673241 1699946431 1702428709 1755604848 1884136924 1902357660 1938578414 1973385072 2084780713 2143805328
684186939 699061968 714556704 732839726 797936791 875104850 879965814 886681181 901328992 904686015 942149430 986967454 1082597294 1120356350 1134820119 1149366185 1171417480 1193964701 1258447448 1267978424 1283547991 1328019164 1343711204 1575179853 1636178893 1639673241 1699946431 1702428709 1755604848 1884136924 1902357660 1938578414 1973385072 2084780713 2143805328
699061968 714556704 732839726 797936791 875104850 879965814 886681181 901328992 904686015 942149430 986967454 1082597294 1120356350 1134820119 1149366185 1171417480 1193964701 1258447448 1267978424 1283547991 1328019164 1343711204 1575179853 1636178893 1639673241 1699946431 1702428709 1755604848 1884136924 1902357660 1938578414 1973385072 2084780713 2143805328
714556704 732839726 797936791 875104850 879965814 886681181 901328992 904686015 942149430 986967454 1082597294 1120356350 1134820119 1149366185 1171417480 1193964701 1258447448 1267978424 1283547991 1328019164 1343711204 1575179853 1636178893 1639673241 1699946431 1702428709 1755604848 1884136924 1902357660 1938578414 1973385072 2084780713 2143805328
732839726 797936791 875104850 879965814 886681181 901328992 904686015 942149430 986967454 1082597294 1120356350 1134820119 1149366185 1171417480 1193964701 1258447448 1267978424 1283547991 1328019164 1343711204 1575179853 1636178893 1639673241 1699946431 1702428709 1755604848 1884136924 1902357660 1938578414 1973385072 2084780713 2143805328
797936791 875104850 879965814 886681181 901328992 904686015 942149430 986967454 1082597294 1120356350 1134820119 1149366185 1171417480 1193964701 1258447448 1267978424 1283547991 1328019164 1343711204 1575179853 1636178893 1639673241 1699946431 1702428709 1755604848 1884136924 1902357660 1938578414 1973385072 2084780713 2143805328
875104850 879965814 886681181 901328992 904686015 942149430 986967454 1082597294 1120356350 1134820119 1149366185 1171417480 1193964701 1258447448 1267978424 1283547991 1328019164 1343711204 1575179853 1636178893 1639673241 1699946431 1702428709 1755604848 1884136924 1902357660 1938578414 1973385072 2084780713 2143805328
879965814 886681181 901328992 904686015 942149430 986967454 1082597294 1120356350 1134820119 1149366185 1171417480 1193964701 1258447448 1267978424 1283547991 1328019164 1343711204 1575179853 1636178893 1639673241 1699946431 1702428709 1755604848 1884136924 1902357660 1938578414 1973385072 2084780713 2143805328
886681181 901328992 904686015 942149430 986967454 1082597294 1120356350 1134820119 1149366185 1171417480 1193964701 1258447448 1267978424 1283547991 1328019164 1343711204 1575179853 1636178893 1639673241 1699946431 1702428709 1755604848 1884136924 1902357660 1938578414 1973385072 2084780713 2143805328
901328992 904686015 942149430 986967454 1082597294 1120356350 1134820119 1149366185 1171417480 1193964701 1258447448 1267978424 1283547991 1328019164 1343711204 1575179853 1636178893 1639673241 1699946431 1702428709 1755604848 1884136924 1902357660 1938578414 1973385072 2084780713 2143805328
904686015 942149430 986967454 1082597294 1120356350 1134820119 1149366185 1171417480 1193964701 1258447448 1267978424 1283547991 1328019164 1343711204 1575179853 1636178893 1639673241 1699946431 1702428709 1755604848 1884136924 1902357660 1938578414 1973385072 2084780713 2143805328
942149430 986967454 1082597294 1120356350 1134820119 1149366185 1171417480 1193964701 1258447448 1267978424 1283547991 1328019164 1343711204 1575179853 1636178893 1639673241 1699946431 1702428709 1755604848 1884136924 1902357660 1938578414 1973385072 2084780713 2143805328
986967454 1082597294 1120356350 1134820119 1149366185 1171417480 1193964701 1258447448 1267978424 1283547991 1328019164 1343711204 1575179853 1636178893 1639673241 1699946431 1702428709 1755604848 1884136924 1902357660 1938578414 1973385072 2084780713 2143805328
1082597294 1120356350 1134820119 1149366185 1171417480 1193964701 1258447448 1267978424 1283547991 1328019164 1343711204 1575179853 1636178893 1639673241 1699946431 1702428709 1755604848 1884136924 1902357660 1938578414 1973385072 2084780713 2143805328
1120356350 1134820119 1149366185 1171417480 1193964701 1258447448 1267978424 1283547991 1328019164 1343711204 1575179853 1636178893 1639673241 1699946431 1702428709 1755604848 1884136924 1902357660 1938578414 1973385072 2084780713 2143805328
1134820119 1149366185 1171417480 1193964701 1258447448 1267978424 1283547991 1328019164 1343711204 1575179853 1636178893 1639673241 1699946431 1702428709 1755604848 1884136924 1902357660 1938578414 1973385072 2084780713 2143805328
1149366185 1171417480 1193964701 1258447448 1267978424 1283547991 1328019164 1343711204 1575179853 1636178893 1639673241 1699946431 1702428709 1755604848 1884136924 1902357660 1938578414 1973385072 2084780713 2143805328
1171417480 1193964701 1258447448 1267978424 1283547991 1328019164 1343711204 1575179853 1636178893 1639673241 1699946431 1702428709 1755604848 1884136924 1902357660 1938578414 1973385072 2084780713 2143805328
1193964701 1258447448 1267978424 1283547991 1328019164 1343711204 1575179853 1636178893 1639673241 1699946431 1702428709 1755604848 1884136924 1902357660 1938578414 1973385072 2084780713 2143805328
1258447448 1267978424 1283547991 1328019164 1343711204 1575179853 1636178893 1639673241 1699946431 1702428709 1755604848 1884136924 1902357660 1938578414 1973385072 2084780713 2143805328
1267978424 1283547991 1328019164 1343711204 1575179853 1636178893 1639673241 1699946431 1702428709 1755604848 1884136924 1902357660 1938578414 1973385072 2084780713 2143805328
1283547991 1328019164 1343711204 1575179853 1636178893 1639673241 1699946431 1702428709 1755604848 1884136924 1902357660 1938578414 1973385072 2084780713 2143805328
1328019164 1343711204 1575179853 1636178893 1639673241 1699946431 1702428709 1755604848 1884136924 1902357660 1938578414 1973385072 2084780713 2143805328
1343711204 1575179853 1636178893 1639673241 1699946431 1702428709 1755604848 1884136924 1902357660 1938578414 1973385072 2084780713 2143805328
1575179853 1636178893 1639673241 1699946431 1702428709 1755604848 1884136924 1902357660 1938578414 1973385072 2084780713 2143805328
1636178893 1639673241 1699946431 1702428709 1755604848 1884136924 1902357660 1938578414 1973385072 2084780713 2143805328
1639673241 1699946431 1702428709 1755604848 1884136924 1902357660 1938578414 1973385072 2084780713 2143805328
1699946431 1702428709 1755604848 1884136924 1902357660 1938578414 1973385072 2084780713 2143805328
1702428709 1755604848 1884136924 1902357660 1938578414 1973385072 2084780713 2143805328
1755604848 1884136924 1902357660 1938578414 1973385072 2084780713 2143805328
1884136924 1902357660 1938578414 1973385072 2084780713 2143805328
1902357660 1938578414 1973385072 2084780713 2143805328
1938578414 1973385072 2084780713 2143805328
1973385072 2084780713 2143805328
2084780713 2143805328
