879965814 1902357660
1
sift 146
36 64
224 246
23 52
38 82
20 43
405 390
80 128
646 820
57 85
43 129
46 117
71 116
41 98
608 823
539 604
50 86
338 363
196 232
92 146
777 1127
328 318
79 148
121 168
108 199
120 180
876 2119
180 253
87 124
122 136
243 344
192 223
1178 3027
344 365
210 225
366 394
631 1073
213 241
2362 9899
215 219
164 230
365 361
233 290
323 330
2455 8394
373 402
218 248
350 376
575 1034
240 276
163 247
347 342
541 522
491 704
281 340
669 914
357 445
464 631
633 1088
342 369
296 278
376 341
282 347
402 756
305 321
219 228
326 364
622 858
339 397
290 350
408 448
386 430
621 726
692 1565
687 1014
532 619
400 427
856 1645
613 884
277 295
500 548
744 1263
636 921
991 3197
354 380
413 504
388 509
513 536
605 861
423 531
632 1203
352 374
1001 2011
1155 6008
443 500
610 668
399 408
436 410
1377 5950
333 396
618 758
299 379
623 878
763 1742
330 381
421 433
577 775
1025 2853
1418 930
493 589
879 1508
526 684
939 3747
1053 5000
353 382
980 2566
427 570
1136 6218
1138 2325
472 550
805 1832
520 572
830 1732
849 1904
790 1580
572 819
753 1602
1018 2413
888 1394
514 627
792 1595
521 997
904 4326
895 5636
1261 5538
752 1202
1127 5543
1186 5933
974 6105
878 3639
2043 6685
822 3850
711 2212
909 3781
783 2120
925 2683
2963 7130
886681181 904686015
1
sift 65
67 66
410 280
339 187
6020 5882
623 292
271 199
322 237
837 531
396 261
276 195
394 211
390 215
279 162
335 180
444 340
1293 812
673 369
764 345
436 283
658 337
701 447
683 456
776 351
521 405
721 644
1119 875
1368 1044
820 488
514 435
19903 7269
1007 467
1724 1094
2767 1861
1243 1184
783 654
1361 1033
3120 1661
656 701
786 1405
977 453
1082 555
854 1026
707 582
352 246
662 777
2358 1514
1285 1667
4706 2176
1885 1727
962 491
614 420
2735 2717
2253 867
2261 1056
1407 1192
1298 593
1637 1434
2706 2180
1896 982
1872 891
1574 762
6947 3658
15248 15311
5733 18462
1763 2097
886681181 1120356350
1
sift 247
56 92
20 27
75 115
30 50
43 73
42 66
112 142
539 1390
231 242
141 169
2177 2573
184 240
81 104
138 196
2699 3886
475 634
155 168
142 183
1159 573
373 279
63 84
154 246
329 262
318 492
303 356
608 422
449 408
876 818
428 315
180 217
261 307
519 457
225 241
65 110
332 336
757 728
687 1474
284 342
410 489
2216 2161
686 531
232 273
253 512
339 454
354 401
36 67
626 624
1938 3536
459 472
370 475
750 508
1346 1173
695 781
5734 4426
1555 1896
5042 3746
430 448
852 2323
778 695
367 465
780 802
1369 893
771 821
323 433
600 541
773 437
987 1041
270 435
277 375
466 651
421 429
499 476
862 496
1414 1347
390 386
868 347
1020 518
1520 1292
1266 1146
1139 725
727 789
721 812
335 372
1429 1247
912 615
1552 653
1163 1314
464 509
217 199
587 424
538 604
497 328
1557 884
2215 785
855 2506
739 594
460 792
1889 1043
1368 1648
547 661
498 521
991 769
528 499
832 737
2825 977
2102 1178
1114 1210
701 824
973 922
634 707
3180 1034
910 1122
903 906
1068 857
1054 1026
521 560
763 930
889 453
1851 784
3084 4013
790 546
898 547
441 628
871 646
1160 570
887 705
819 1530
944 863
2686 1246
713 726
950 1218
1988 1121
3266 1901
692 675
2053 763
1433 1115
541 513
514 564
1374 831
1727 1806
786 847
1327 412
657 975
1312 1019
615 877
748 902
1567 1574
648 923
703 794
1040 1567
758 736
3467 15308
1010 759
3345 2654
2892 1954
1196 1147
1766 1747
1471 612
909 647
3004 1096
2768 15510
854 873
820 1087
1991 850
789 575
3204 2317
662 692
1239 1329
1876 1844
493 608
1146 926
1814 2011
1062 1904
983 1293
1007 2016
1353 758
998 579
1403 1221
697 538
1289 1015
1112 814
4540 3262
2188 2519
3683 2873
1975 944
1985 2709
949 527
4014 2791
4595 1532
5765 2427
426 397
1291 936
2072 2504
833 1542
1304 1253
1241 984
2673 3211
2317 775
2722 2297
2792 1895
1361 1520
850 1071
1198 1513
1339 3076
2154 1160
1631 1865
1385 766
1285 1956
931 3015
2059 1451
16441 2862
1764 677
1328 674
2974 1302
1340 1164
960 1695
2234 2677
1166 1479
3344 15766
1407 2028
1375 1662
1772 1092
1296 1260
16542 2039
818 1170
1783 1678
1151 1387
1530 2589
3181 16044
1496 2765
3311 2355
16397 2275
2656 2104
1916 3037
3221 15283
2129 1497
2872 3504
4295 2145
958 1534
3808 2514
2902 4537
16468 16164
2576 3424
1773 1132
2460 2701
3641 1714
710 1012
886681181 1149366185
1
sift 52
2416 8142
18 12598
782 1185
9958 12520
38 140
64 188
61 175
5120 8316
163 620
1484 5193
140 384
1086 3223
101 269
73 263
212 453
118 209
2052 5809
173 447
433 3055
444 1267
564 1546
169 573
544 2692
657 692
807 1960
196 508
1863 4567
1758 9759
846 3138
385 1131
5254 11002
4407 2502
386 1176
274 1419
2916 5538
2333 4006
2884 2266
3674 7993
1212 6266
1207 1417
2341 9271
6491 9874
3314 2900
1492 9234
1045 1839
1307 1755
2006 2712
1646 1997
4517 9963
3972 4605
10895 6407
2519 7559
901328992 1149366185
1
sift 66
99 109
124 172
169 243
150 206
176 244
216 260
219 298
179 247
1101 1164
1234 873
819 1488
915 1231
1242 1409
198 266
595 496
233 303
455 544
614 599
805 727
587 617
2121 2938
553 623
291 356
2195 1119
509 659
1096 914
529 556
1143 1073
913 1604
298 394
319 523
516 536
279 376
2137 2909
2913 3038
542 670
467 542
274 397
483 479
332 424
528 444
990 2239
317 482
588 955
420 683
809 891
1181 3289
2534 3957
626 775
725 772
1267 2012
428 736
1496 2514
1099 1758
2281 3548
393 665
465 667
741 911
693 1306
5861 9614
1125 2907
778 2070
856 2078
695 1552
1124 2503
18149 5542
901328992 1267978424
1
sift 52
6706 2829
745 1416
496 421
923 609
300 295
221 227
1151 567
241 181
18621 6537
503 485
403 396
382 434
762 614
436 476
522 380
661 428
455 409
654 497
235 172
1048 752
805 546
1150 855
1818 927
1746 1208
614 647
548 269
1793 971
274 193
3558 2224
1631 1512
3853 1530
331 212
317 261
328 202
427 391
1392 781
3636 1366
5674 4325
1760 1374
637 554
1291 839
2887 3653
5170 2930
1591 1097
17558 4584
1093 826
2784 1417
3699 1325
987 587
746 408
521 631
502 473
901328992 1283547991
1
sift 51
2110 5297
124 39
923 391
150 56
300 180
214 104
451 191
904 415
2277 1025
1151 479
932 377
1054 574
914 584
595 230
4221 1314
587 231
455 287
2852 2384
849 401
614 262
297 172
1393 483
538 210
2807 2468
777 351
1652 1016
17431 1572
516 366
1505 571
243 108
427 200
1615 643
274 123
1224 494
317 158
563 203
17433 1359
328 128
4670 1164
4043 1527
1267 636
398 186
626 318
4082 1142
1291 781
1584 1687
2710 1181
779 266
785 634
847 449
3617 1458
901328992 1702428709
1
sift 276
115 146
2226 17601
4 6
223 216
1946 1159
952 5478
3361 2343
228 273
98 91
658 969
310 244
256 284
103 114
345 378
703 414
1404 2527
99 110
531 561
124 161
206 264
867 619
1227 808
744 506
2196 1286
288 240
361 355
993 656
413 366
589 368
517 358
253 225
273 256
3844 4348
401 374
814 730
1546 829
1438 1303
423 307
17729 7772
966 812
1500 1083
266 404
1668 1560
300 328
2237 1276
189 275
977 643
176 208
311 277
1773 1143
923 1151
220 238
739 637
2942 2580
3782 2669
1289 1445
294 286
1630 926
1448 721
1086 742
607 563
295 338
912 1941
1161 902
734 589
919 670
1860 2571
881 669
908 747
1572 936
1653 2807
514 487
410 316
1219 1363
1054 749
1164 866
2041 2484
1147 1745
1442 784
1876 2338
817 1139
1333 1908
915 1042
1526 2544
921 667
3496 2493
1430 2108
819 787
1074 2891
1900 2894
1984 2523
1432 1505
1700 1077
574 505
907 951
1837 883
1934 1506
1248 1226
1696 1532
956 948
1514 1528
900 1272
1016 1881
2268 2970
895 714
2958 2157
3882 3315
1316 928
480 354
503 489
2062 2297
4727 1467
1345 958
872 642
1198 1113
1956 1832
1057 1046
850 819
1533 1069
1069 1185
3193 2769
913 1021
2011 1451
1039 508
891 480
1249 876
1071 830
925 609
1089 1245
4447 3779
455 435
3761 2377
2601 2433
1492 1297
595 584
803 1006
297 294
17545 6035
3257 1681
4340 3974
1322 845
930 668
1166 1750
2852 5205
777 648
1048 1694
1431 868
3143 2880
1979 1565
2755 2478
2563 2805
1612 1292
1344 1171
845 602
319 376
1412 1059
1823 1434
1712 931
1810 1449
487 444
1261 1213
647 661
2321 3385
3583 3488
2377 1577
1889 2455
1353 1249
2746 2180
1689 1124
1038 706
4255 3281
1685 1160
2468 3415
1705 3238
2720 1985
4493 2696
6119 3946
6006 3428
19637 6688
2520 1895
17527 3646
1655 1289
1911 1344
1990 2274
1252 2915
4029 3643
1342 3118
1230 924
17435 2272
1733 1421
17425 3484
4448 2292
2438 1355
2589 3142
1646 1154
1978 1482
1156 723
17501 5777
2263 2929
1523 1372
2842 2900
2691 2060
447 250
3744 2902
6276 6280
2147 2349
3173 2680
1330 1929
1701 2185
2223 1603
3166 1048
439 389
19863 19351
1974 3095
2161 1224
274 336
1615 2679
637 551
1535 2552
1908 1140
558 544
1537 824
1609 2133
362 416
627 574
331 437
4071 4828
4356 2540
3155 1502
494 483
4663 2925
1591 2175
317 394
3674 1965
17422 4114
17438 3080
4282 3229
711 630
3607 6900
3345 3755
1142 1902
4424 2276
1267 1514
751 797
2655 2594
1291 1823
3415 3598
4223 3389
582 539
950 910
4548 2119
2404 2413
2301 1967
4632 2727
4077 3253
1251 833
19839 19393
621 786
4897 4089
2975 3052
4801 5376
3923 5941
477 572
5619 5684
305 310
3602 2657
2753 1537
3552 4842
1414 491
18219 17954
693 1009
17518 4323
4981 6158
6067 6477
1130 981
1557 1581
901328992 1938578414
1
sift 63
110 137
1565 741
2 0
1745 272
8195 19173
237 224
504 440
4305 1723
48 119
166 138
2416 1372
18081 1972
86 102
98 96
5108 2575
5297 3704
41 50
18613 3056
223 183
19169 5536
78 89
400 386
1912 1049
980 368
206 252
701 376
5350 1140
1397 500
3141 1738
286 208
111 106
3730 660
131 117
1241 446
5985 1994
361 575
517 268
1263 679
1668 1534
1444 623
1160 632
245 156
977 485
3153 2934
311 229
9054 4267
707 406
2024 1464
2126 1196
1401 1501
879 693
881 1220
5050 848
2761 2470
2496 3490
992 840
2751 1890
6844 7622
1431 1183
18684 8199
1847 1424
5502 3395
8492 16404
942149430 1258447448
1
sift 264
166 99
913 1994
133 91
155 75
160 100
129 74
947 1186
158 94
317 188
180 106
144 86
1097 1285
698 522
1077 1249
1087 1481
154 78
173 108
176 110
239 163
346 273
363 332
386 347
157 105
215 170
617 780
183 136
238 135
576 529
191 123
294 193
247 129
699 913
488 310
843 1034
818 1189
2484 2446
413 340
461 498
1478 1769
1384 1785
2396 2566
369 251
680 791
777 1050
1595 2274
370 308
753 655
2691 2438
128 69
365 284
124 71
2338 2454
595 718
940 1537
1406 1985
1372 1286
337 325
921 2039
708 878
846 1258
1180 1497
960 1702
877 1120
844 1024
969 1205
1169 1793
619 565
260 165
188 130
393 336
200 143
570 420
182 103
636 495
512 376
201 128
227 132
2165 3772
253 195
878 1255
1011 1529
249 152
1859 1839
1225 2114
1089 1396
190 125
2054 2731
835 1387
991 1424
1445 2562
185 134
213 166
326 207
371 189
186 101
262 210
205 146
329 218
3351 3835
1585 1981
298 233
683 1159
2942 3134
900 1316
730 1107
3951 3528
1952 2990
1075 1818
2617 2061
261 194
440 264
816 610
1177 2220
1306 2088
345 247
874 1399
4026 3916
2562 2359
284 341
285 216
1033 1728
463 360
598 938
469 348
1208 2411
322 353
506 494
659 1106
1004 1766
2261 2345
468 335
328 358
1202 2140
1970 2813
430 315
572 442
1096 1414
1434 2692
776 1118
19788 5701
1906 3077
663 763
2413 3615
401 345
428 409
848 1352
578 534
591 582
486 371
2596 3867
1344 2288
592 450
18307 4744
1762 2509
1947 2928
394 513
475 381
1479 3503
597 552
364 290
1494 1971
333 328
630 863
569 463
628 576
480 339
3617 3385
500 1019
384 477
613 835
962 1088
1424 1970
498 475
361 313
584 380
1596 2112
625 538
396 401
1968 2922
300 278
491 389
1688 2486
433 504
1519 2690
574 550
307 299
1245 2213
510 660
495 337
18876 5077
763 929
1772 2767
305 217
478 519
656 698
1098 783
1560 2357
1355 2431
356 280
485 439
354 289
470 429
2584 3043
4477 4468
18199 4313
1467 2246
309 236
483 418
549 617
434 509
1844 2184
321 277
383 416
2013 2031
1136 1891
1975 4415
1586 3451
438 383
586 586
10107 19492
1714 2344
580 453
18338 2492
501 423
419 484
312 583
1028 991
693 521
901 2225
1047 1224
812 1302
872 1217
523 487
709 1272
2089 3576
2265 4425
3107 3831
635 646
3703 4501
820 666
669 680
3041 4147
615 1360
2148 1676
508 594
3913 3754
2189 2800
780 772
634 694
1426 2146
1179 1495
6879 5060
944 1724
667 934
911 828
890 940
3905 3432
1386 1762
3539 4885
1086 1725
1120 1464
895 1644
1320 994
1604 1051
942149430 1267978424
1
sift 578
90 107
47 58
1580 1318
64 85
2155 2118
79 90
915 750
166 156
240 351
140 133
949 890
281 278
4076 18400
804 733
2542 2029
160 174
1849 3455
129 115
2899 2717
637 567
5721 18751
317 295
3494 3387
158 166
6125 19864
144 141
5008 4709
809 712
179 208
5862 5336
697 622
640 552
951 717
215 200
1077 784
153 149
1279 1109
183 183
173 176
1087 889
752 699
176 181
363 344
1256 1290
346 388
239 263
85 88
191 222
238 262
386 406
294 327
787 677
818 916
1182 811
1311 967
925 694
392 380
488 476
798 696
1478 1164
247 280
843 655
576 499
680 610
827 669
413 428
461 409
2396 1935
525 458
370 394
124 130
115 105
753 660
963 993
175 121
150 172
940 807
1796 1218
825 834
983 871
1002 1264
2890 2651
2338 1469
886 778
337 387
595 559
379 424
1489 1110
1180 940
3955 1633
1399 996
1258 1258
708 569
921 809
1406 1275
978 863
393 328
1334 1059
960 851
1036 957
2137 1351
1410 1071
1114 999
2514 1881
942 776
1338 1047
846 759
810 881
2768 2639
841 747
877 918
1316 1342
1641 1668
926 731
1951 2016
497 519
217 248
844 766
1015 951
3368 3267
969 818
945 934
2547 1955
857 769
2021 1808
1531 1322
4374 2616
1373 1210
201 239
299 324
188 204
2849 2001
2487 1933
1626 1211
2380 1860
200 238
249 265
289 363
227 267
1927 1892
619 682
1169 1073
996 793
512 634
1462 1222
2655 3546
882 737
1289 1167
2233 1962
1286 1057
189 194
3097 2144
775 754
1343 919
1450 1337
1760 1487
636 618
3181 2552
1174 1062
1859 2215
2933 2224
1011 1070
237 272
2165 1755
185 212
878 789
450 442
991 971
1504 1398
3641 3599
213 232
2101 1836
1213 1124
1089 865
262 260
323 357
4492 3936
205 234
1124 814
1473 1284
1523 1690
835 893
314 341
1589 1540
326 337
186 202
1342 1382
3659 2893
3077 2357
1401 1132
871 812
1585 1553
957 771
1069 1252
3214 3376
2185 2017
2942 2271
1032 1018
1600 1765
1983 1780
845 978
936 832
298 331
2133 1778
1310 991
329 391
914 908
1299 1065
1433 1426
899 1130
1224 1034
1092 1148
1306 1280
1910 1883
5840 18732
2282 2428
1075 1196
5103 4851
2595 2303
900 1144
1177 1461
1130 1182
1131 1044
1611 1400
1115 1514
4961 3270
3546 3290
4329 4890
1652 1877
1085 1104
1246 1374
3098 2438
1263 1016
1033 949
776 711
659 798
4181 3996
1647 1867
1953 1563
2562 2286
816 781
3201 2879
2382 2805
4180 4514
345 413
995 917
2532 2993
990 1029
4026 4291
469 461
1000 1063
2053 2244
933 952
1072 1169
1529 1885
3039 3269
1587 1941
1388 1278
572 561
598 672
2440 2259
2071 2364
1452 1450
2220 2596
1091 1274
1553 2291
874 813
5739 5723
2479 3027
1127 1022
663 760
1976 1774
283 349
506 529
285 289
3231 3745
1264 1202
1545 1684
1360 1511
463 580
848 839
819 948
1158 1019
875 1036
3259 2274
1900 2133
1578 1858
1301 1217
2368 2624
2903 2859
916 886
4228 3610
468 554
2288 2702
19779 19230
2462 2377
970 1122
2258 2204
1344 1652
327 449
4538 4769
2571 2677
322 443
1947 1879
4293 2730
1853 1720
548 604
1472 1709
4392 3701
2662 1972
1906 2341
2596 3632
1446 1772
6978 6239
3856 3038
6581 18953
1211 1570
2256 2220
1309 1797
4238 2957
4291 3518
5466 5307
1096 900
2250 3173
1117 1541
2707 2955
954 1055
1970 3114
416 599
4631 18371
1061 1041
1057 1270
950 1428
1413 2090
2024 4063
2041 2004
641 735
578 773
5311 3985
6392 18464
1665 1498
1479 1556
2392 1988
430 436
18154 5269
428 565
18239 5638
589 472
1659 1702
3029 2451
18657 5510
2327 2297
540 460
475 685
3251 3830
4006 3621
733 693
908 982
1491 1353
4416 3851
2166 2036
1476 1768
4450 4216
592 700
2766 2981
4418 3210
696 646
333 403
361 483
597 664
1968 1760
1405 1554
364 402
630 806
2109 2657
1520 1703
901 1626
1382 1415
2426 2821
4053 3015
18153 3708
1423 2645
985 826
2779 3628
2142 3423
1716 1518
1632 1606
1901 2063
656 630
1688 1332
3019 2147
600 479
2533 2752
394 548
491 553
1740 1741
2425 2139
300 364
1931 1840
1339 1632
1273 1502
613 683
2215 2582
5195 4125
498 556
7056 19314
1653 2502
574 606
3243 3055
2008 2167
1398 2069
384 528
3302 4179
2466 1961
3639 18392
521 572
1714 1431
1136 1136
6683 18710
2638 2996
2939 2588
1737 1793
18217 4996
955 1171
4132 3241
466 498
396 416
2043 2938
763 1578
18375 6102
432 492
2398 2426
2217 1612
484 531
1660 1686
1368 1802
1769 1711
438 715
3170 3405
5957 5164
478 631
2019 2719
500 590
2848 4607
2725 4330
495 680
3423 4117
352 533
4536 18687
2376 3348
2635 3193
3467 3965
1586 1888
988 1349
2010 2213
511 576
335 506
1559 2622
3548 3356
18946 5688
5259 4829
532 1087
1458 1787
3096 4415
2132 2025
3030 18223
2549 2782
381 575
1975 2510
1658 2422
483 542
675 584
873 2091
1936 1692
1958 1676
580 684
1718 1939
516 446
1028 1265
783 905
434 515
759 850
1766 2107
3032 3795
4553 3716
3496 3018
638 852
3182 2688
4164 3548
1967 3431
2298 2505
311 494
3459 5005
1717 2298
19568 6417
18477 4795
4812 18261
2431 2778
4724 18477
807 848
615 946
18338 19115
3703 5188
4317 3741
606 705
1686 1734
4385 3762
5790 19302
3156 3396
5937 5627
5845 18537
1733 3611
4493 3865
3041 2800
3434 4278
678 643
2938 3200
2923 18448
2720 3415
4762 4054
2186 3150
2612 2346
2017 2983
19925 5589
18607 3453
2814 4081
3913 3074
4548 4570
18326 5153
3731 3347
2148 1979
1663 1732
4726 4763
3288 4575
2034 2584
1576 1852
3253 2352
1129 1234
4825 3929
3585 18515
944 1137
18874 19196
1179 2200
2083 1982
2982 4665
4036 5641
2639 2355
4833 4814
2323 2850
782 782
18284 4508
18806 18338
3540 3320
4620 3740
3654 4332
18778 18831
748 1192
784 761
2958 4131
1487 2728
19945 6456
1633 4272
2856 4742
5268 3635
4345 3863
1998 2300
19955 19562
4098 4322
2986 2943
5614 18729
4990 18288
4160 4298
2960 18739
5630 19937
2240 2803
2237 2913
3958 3088
5235 4380
942149430 1283547991
1
sift 173
317 180
9557 10031
144 87
640 250
1077 443
1279 955
752 441
215 126
239 183
386 234
617 346
238 193
192 146
1384 841
925 479
777 538
255 199
368 280
369 381
940 584
125 69
462 452
525 317
753 548
4524 2763
1180 660
1334 915
1641 1339
844 536
299 153
1075 385
926 497
999 341
945 725
4374 1505
571 487
260 181
1626 876
996 585
1927 1130
1706 1270
636 414
253 203
3481 2744
619 654
1013 1359
189 122
213 107
1011 950
185 159
1952 1313
1473 847
262 157
1401 823
329 200
186 128
1585 1877
3077 2193
936 544
900 800
914 667
4329 18347
3659 2478
1092 975
19076 2850
4181 1839
345 248
1202 1001
598 390
776 541
19788 4375
1587 1240
2836 1567
468 276
1452 845
506 363
4199 18416
848 781
6392 18735
3897 3192
3825 2981
284 291
836 754
2619 3427
1646 1177
3646 3040
1947 1794
591 507
437 337
1494 1023
2231 1828
1714 806
2166 1443
2008 1149
733 498
543 266
962 657
471 258
486 243
1609 1365
547 224
3639 3220
988 615
696 540
514 406
1355 718
3466 2681
438 293
1200 1272
574 433
305 254
4272 18420
532 395
1136 810
320 269
2134 2065
3152 4547
396 275
309 238
586 652
300 221
466 299
3548 3969
521 448
690 721
433 372
1586 1357
485 438
692 471
2664 1884
510 402
1724 1196
2149 1442
4093 2902
580 411
1028 1261
3754 2333
502 429
746 572
1689 2035
1834 2350
1658 1829
812 820
807 637
18377 4762
1047 929
669 432
607 566
1823 3701
508 370
3191 2841
2148 3070
19731 19122
2241 2745
4275 18434
19904 5461
657 556
891 1733
18879 4596
2962 2128
2186 3345
935 1090
2093 2261
4274 4847
1251 1440
784 588
1513 1901
2070 1310
1784 2452
1120 2428
2551 4136
1645 3162
3174 3370
942149430 1575179853
1
sift 332
4621 2225
47 51
64 57
804 667
1896 2009
138 115
166 119
281 233
160 124
637 700
317 252
158 106
1097 991
144 97
179 123
925 987
809 1243
640 754
1311 1386
951 886
654 707
1478 2018
1077 1024
173 110
720 802
363 289
153 101
525 373
1137 1422
1087 970
963 1213
176 130
818 1016
983 1270
551 291
346 286
805 856
239 163
617 682
595 487
699 756
247 194
886 1011
488 258
1182 1055
337 293
843 724
798 748
921 1593
2484 3166
827 645
273 198
413 327
1171 949
1334 1557
576 465
680 780
1157 1477
906 1383
973 1030
1399 1546
461 321
1002 1305
1231 1450
2396 2255
753 710
913 1482
370 300
128 79
1114 1445
131 84
939 1142
1371 1504
1796 1507
1052 1051
1036 1528
960 1437
959 1236
942 1097
1410 1251
2514 2080
393 243
846 869
877 1099
1338 1801
810 736
497 311
2366 2596
1951 2572
1015 1122
926 1414
188 135
260 199
945 1197
969 1077
1450 1506
619 623
201 148
200 165
182 121
2849 2111
2655 3378
1314 2358
512 354
227 197
1286 1608
1373 1263
299 244
996 1155
1063 1970
249 173
189 141
1169 1144
858 678
882 1285
775 821
237 211
185 127
991 1400
1336 1982
1760 2057
213 159
1239 1476
3097 3439
205 215
878 1029
262 212
1032 1018
1213 1394
2101 2593
1504 1460
314 264
186 147
1089 971
1585 1931
1343 2130
3077 2510
1615 1815
1473 1533
324 246
1092 1390
871 1199
1983 2398
2942 4100
2185 2459
3351 2488
1600 2553
388 334
900 823
914 1162
329 262
1664 3333
2617 2567
1177 2507
1130 1545
1055 1788
1075 1928
1252 1126
298 256
440 285
933 1218
1246 1883
1700 2578
1263 1616
562 533
776 718
345 417
1357 1448
659 764
816 613
1091 1630
1549 1831
1072 1642
3331 1641
19076 3981
572 492
874 1367
875 1084
848 891
2562 3053
1378 2002
598 837
283 210
285 228
506 721
322 269
1026 1659
464 484
1142 1389
1578 3248
970 1174
468 694
2707 3392
1409 1374
328 298
1344 1628
1361 2232
402 522
663 584
5292 4224
1152 1300
416 357
591 658
1309 2744
1057 1942
401 411
870 1287
578 525
2795 3320
428 316
1424 1840
2174 2073
503 388
475 462
916 1475
641 622
2347 1529
436 527
430 356
306 278
592 865
395 398
495 409
560 452
364 277
356 261
630 901
333 394
372 377
2624 2893
486 473
411 419
481 673
690 712
309 263
988 1651
521 504
1440 3863
458 383
466 380
321 387
610 513
547 528
335 294
540 475
954 2005
2706 3895
1458 1899
384 308
347 400
491 668
500 410
587 1026
660 715
478 497
692 766
575 940
985 1498
635 539
613 726
625 1294
1640 2403
656 1271
2513 2588
3182 3843
569 899
543 489
1834 1999
432 516
484 732
516 571
300 343
396 346
1686 1570
962 1291
549 750
757 829
2144 1553
638 818
563 859
1505 2513
511 507
2316 2142
426 406
703 907
893 1244
2081 2520
580 488
4816 3884
501 876
483 503
2639 1744
584 939
2708 2792
3564 4208
434 372
686 1053
2601 4719
546 690
655 1015
780 776
1586 3790
651 656
536 448
904 1217
709 1306
1833 2259
606 1060
1190 1644
851 840
634 566
1827 3038
678 883
1422 2148
312 259
761 634
668 1006
615 1037
807 1564
1733 2054
2431 3186
4724 3603
564 551
705 644
811 846
1243 1255
1663 3032
1164 2656
1599 2171
1108 1298
907 740
1959 1444
942149430 1902357660
1
sift 344
6257 18677
47 242
138 437
19903 19786
79 284
135 393
160 385
129 327
179 443
158 373
317 617
1279 1546
697 963
144 494
173 399
153 404
239 485
176 488
183 444
191 431
363 760
346 685
925 1454
247 537
576 784
392 711
818 1581
365 610
699 1362
843 1327
461 645
369 750
370 654
805 939
1002 1656
1489 1873
2691 3500
505 893
940 1493
595 1011
708 1126
1739 1931
273 515
1014 1448
1371 1792
2487 2349
497 829
1180 2255
2380 2147
942 1699
2849 3654
512 830
996 1258
1450 2103
188 452
1626 1769
1170 1734
182 420
857 1381
619 1016
201 479
393 766
775 1195
299 596
2481 2575
253 556
227 493
249 528
4374 19243
190 471
636 1100
991 1442
1214 1711
185 466
1503 1999
1859 2090
1866 2748
450 693
1239 1706
1996 2249
1032 1367
262 508
186 473
1473 2111
1342 1549
314 597
4329 18375
206 538
923 2432
2276 17813
2550 2958
329 560
3641 17878
3659 18398
900 1440
3469 17778
1103 1831
1308 1981
871 1523
440 669
298 650
509 987
2617 2429
1585 2513
1496 2026
519 889
4136 3967
469 686
284 529
2562 2369
4392 18394
3201 18183
322 576
659 1296
285 564
1272 1680
2647 2854
1024 1604
816 1334
18264 17932
875 1786
776 1182
663 782
416 590
428 661
468 850
591 1009
578 778
641 1041
1178 2067
1954 17731
1976 3359
2313 2818
592 847
430 936
4607 18343
401 796
4416 18753
395 678
361 574
2247 17876
364 644
2676 18019
1424 1627
696 938
2261 2811
630 991
2010 2995
1853 3372
500 716
691 1038
1008 1944
6746 5410
458 748
763 1063
3270 2520
494 768
1494 2368
540 1013
966 1262
1947 17896
628 917
3251 17867
962 1273
589 940
486 848
4450 4517
3018 3018
466 949
305 594
307 618
1200 1993
609 807
660 1122
384 708
613 1046
3401 17736
2194 2553
917 1518
538 839
586 979
2431 3227
491 804
356 652
510 754
1682 2285
353 736
432 746
300 608
541 822
574 952
335 701
19967 19458
1844 3190
547 948
381 763
411 722
1968 3898
522 675
656 1068
1355 2274
396 751
4053 4461
2425 3235
616 898
5195 19817
347 680
484 802
483 777
521 1035
580 828
5281 4137
2186 2624
783 1145
729 1267
2700 18295
1136 2262
3035 3344
904 1484
638 789
545 868
1703 2402
610 941
1975 3060
743 996
812 1082
872 1269
655 956
692 1045
1047 1596
4724 3415
434 800
311 601
817 918
1714 2991
2039 3785
707 961
501 875
1123 1761
2301 2902
635 827
1422 2071
1383 1887
615 806
1619 3130
406 646
757 1130
807 1076
811 1027
693 926
1663 2379
634 894
759 1187
564 872
2144 2622
3872 3484
2717 3041
6065 5203
2740 2449
6082 19439
3271 17911
731 1019
1834 2516
893 1331
649 1178
2323 3224
879 1585
767 1120
3913 17810
748 971
657 1002
2361 2706
1724 3155
2148 3233
18801 17879
4017 18200
2612 3630
911 1024
5965 18881
1517 2095
5210 19001
517 697
784 1037
1277 1533
1426 2564
780 1307
18419 18401
1166 1682
1833 2046
3669 3819
944 1163
822 1271
4499 19238
4531 17849
2901 17726
1533 1655
19254 5563
2351 18111
1726 2524
3762 19678
4098 3158
1385 1844
4398 18166
4335 18228
18715 3405
2735 17960
12241 11805
18710 19668
4897 18053
1946 2954
1086 1722
2115 3574
851 1219
4940 2775
1020 1385
1181 2283
935 1584
1163 1791
2045 2689
3717 17936
4972 5502
895 1687
1141 2492
2362 3576
1603 1852
1362 2088
842 1956
19920 19045
18855 18500
2126 17927
1176 1465
2808 18869
3226 2494
1244 2360
7350 19368
1959 1854
1783 17957
1597 2462
18627 19176
19095 5466
1650 2135
838 1282
5724 19523
1788 2592
942149430 1973385072
1
sift 140
16164 17010
47 90
135 131
9469 6242
804 494
281 287
160 159
129 114
158 144
179 158
144 145
222 200
215 153
697 396
1097 1390
157 136
1087 1209
173 152
154 134
239 218
386 357
176 163
346 304
363 389
238 192
191 174
183 188
925 1404
247 168
294 263
818 1051
798 724
699 1038
843 780
1271 889
461 515
488 353
1464 1550
753 726
680 793
365 302
370 326
2691 2504
777 913
167 156
1796 1463
126 132
1002 1229
2338 1974
940 1265
337 348
708 918
1410 1625
846 1526
1014 1848
224 219
857 1755
188 208
570 448
200 228
260 243
182 177
289 276
393 455
390 320
977 1418
227 230
253 265
249 237
190 207
185 202
1013 1337
371 240
186 191
314 277
329 312
262 284
205 255
388 375
1585 2259
2943 2950
1160 1984
261 313
520 532
440 367
345 333
848 884
659 966
598 995
506 765
467 431
328 877
430 404
572 445
401 594
578 648
416 490
428 549
591 551
2327 4460
375 499
475 487
333 479
628 770
361 406
962 1482
480 368
679 539
574 761
419 483
599 1092
691 1826
300 505
491 588
305 528
656 999
1965 2352
309 394
18414 4431
483 945
549 1801
522 450
586 1340
685 885
606 1063
1586 3126
806 812
501 936
873 2305
738 1322
1047 2474
508 892
615 2484
407 1553
669 1543
658 1417
1516 2263
781 1097
721 845
881 1163
986967454 1149366185
1
sift 460
141 448
1912 1221
14 32
33 42
646 1459
313 411
53 72
31 47
804 2634
1214 961
25 45
36 52
202 642
1575 1308
62 94
87 124
215 599
1634 1961
5991 4419
55 106
262 659
905 690
399 539
28 46
2422 3131
2229 1695
163 201
51 80
1910 2795
924 711
153 189
65 194
2085 3509
4705 3896
112 145
67 205
1541 3483
2097 2456
449 366
1087 716
200 390
5126 3874
1029 956
106 150
2565 6219
3300 2309
48 76
64 108
10345 11855
4743 4951
156 184
54 92
1121 1172
4350 4096
327 349
96 131
403 867
4510 4277
75 120
146 212
4011 7312
12009 19707
315 306
50 102
440 483
12202 8114
77 148
97 257
392 545
197 281
287 338
357 343
340 371
355 309
305 421
143 204
83 127
177 262
131 297
273 317
42 60
607 1373
124 144
151 596
90 89
159 221
2749 2515
3380 4733
250 325
1098 1211
258 328
3779 2385
185 255
2168 1104
299 217
402 790
951 1334
407 340
334 591
154 199
387 365
491 643
1886 1627
176 275
696 1352
787 1133
181 383
235 400
1152 1173
182 412
193 218
188 233
401 352
961 728
1228 1958
712 791
5814 2590
456 435
1593 2387
4066 4161
425 721
840 1195
886 1236
487 945
498 492
1578 2484
1101 531
780 1024
920 1677
1946 2442
6194 4429
474 480
284 398
1193 2465
4946 2793
580 1121
688 952
329 385
1242 2665
213 380
4106 3670
610 998
601 858
808 1343
436 651
574 525
388 562
324 347
1750 4495
861 1999
1383 2378
1261 1693
342 500
726 488
639 1109
902 2022
1889 3333
1585 2733
558 1128
550 784
228 456
620 725
584 917
501 647
1024 2000
1998 697
656 980
1752 842
895 2025
345 530
572 731
1331 710
570 932
1865 3384
997 768
5629 4712
222 406
1011 796
2177 1895
1282 1765
1419 2938
552 632
1510 815
515 762
2049 4922
738 1523
1082 1602
1620 2837
943 1537
4530 5093
597 892
414 477
2039 5120
1573 2099
2411 2700
1241 1165
5252 18830
475 548
2875 5569
1158 1984
1115 966
1353 1280
323 577
265 601
435 427
797 732
3929 3140
540 1043
2266 4321
2200 1810
1553 2083
2051 1764
1364 2089
5400 6977
754 695
1256 1703
1325 2373
718 2039
1412 2538
1595 2626
332 845
1047 2297
1124 1271
1138 1972
733 1183
1428 2772
201 523
919 1589
1979 2126
1513 2017
365 654
2966 3216
520 514
2660 1213
1085 1591
2262 4615
1016 1457
932 1604
1141 1405
581 610
1036 1556
595 634
2654 4489
911 2324
1472 888
812 1458
2942 5729
1516 3690
5917 7091
5454 5978
2037 2678
1040 1118
3097 1588
2138 1754
1442 2253
1131 766
2633 5053
4121 2306
1625 1993
2722 3125
925 944
2593 1986
993 1368
953 2508
756 1959
2460 4763
1533 3512
1501 1898
3050 4440
1701 3667
1769 1190
302 614
794 2445
873 1840
1021 1672
1054 993
2657 5745
1909 1735
1027 1392
1802 4137
1483 2110
2994 3335
559 720
725 583
1811 2620
3054 3865
850 1107
1268 1203
1305 1616
3604 5905
2582 4231
2849 5640
1279 1775
1376 1774
2634 1514
1592 3779
1473 2185
480 955
1619 2330
2948 2871
1760 2680
246 515
966 1625
2687 4309
2443 2156
1422 1942
835 1599
2149 3789
984 764
1234 3154
3693 5749
1410 1755
2210 1791
1582 2786
4923 4742
1487 1544
823 783
586 792
2321 4013
546 638
2436 2302
5165 7715
7401 4894
2167 3988
1671 2009
1562 2257
987 1139
8964 3987
543 896
1783 2184
2629 1971
527 916
1136 1504
1818 2192
1866 1842
706 836
2196 2876
613 631
838 2437
3740 4756
3457 3124
2223 2892
3813 7303
1999 2005
4062 6951
1186 1824
2048 1730
690 1242
2985 4545
936 860
2297 2119
660 729
6108 8577
1447 1891
2073 3504
2961 2318
3709 4187
1936 1748
3044 6306
1106 2244
2509 3500
1868 2188
1981 3405
1435 2936
2057 2461
1945 2153
2435 3049
1113 1328
2225 3217
880 1002
2649 1659
3758 6200
1973 2141
3267 4198
4433 8158
2534 5543
1506 1680
2059 3660
3807 6321
2072 5033
2401 2332
1286 1348
3553 3151
1307 1939
2898 2820
8212 10490
4059 7258
2792 3844
648 667
1049 1479
1764 2403
1904 6313
4439 4986
2530 5567
2951 19210
2136 2307
5013 18852
3056 2260
3276 5168
3041 2922
1646 1968
3378 4872
4210 4154
1825 1965
4201 4141
4413 4257
6550 6169
2275 6785
2650 2945
2338 1855
2038 2343
3749 4520
4945 4824
2972 4754
6040 6465
1539 1632
2216 2961
2235 2364
2578 5234
5309 5275
5749 5900
2921 7656
2710 5343
7124 8748
3244 4248
1461 1729
2243 4987
1547 1991
5669 6801
4679 6452
3432 5719
3541 4420
4741 7559
5286 19031
2925 3544
3344 18940
2677 2112
2421 4634
2933 3357
4080 5593
5608 4417
3887 5292
7116 6959
4636 6999
4348 6341
7409 7334
7868 9175
4582 6799
19803 7427
4932 6847
5284 18780
3900 5085
5750 9710
2832 4829
5299 18801
2069 2554
5047 7418
6048 6738
4060 18797
4621 6844
986967454 1258447448
1
sift 163
603 1065
313 1192
79 100
122 198
277 498
1844 3724
68 74
78 94
428 633
174 346
245 230
432 834
137 110
158 500
208 308
194 400
422 963
534 1032
588 1817
239 273
215 193
818 1417
696 1460
134 73
499 588
434 655
135 83
334 862
580 717
960 1650
255 310
183 281
1295 1652
667 1789
504 1735
2332 2470
235 859
537 879
1743 2011
727 1098
2311 3305
5429 4478
808 1289
372 411
3762 2808
640 1034
861 2210
216 143
897 913
2267 2289
2565 2222
663 1184
780 1446
3349 2061
2301 3119
526 1170
440 210
1514 2238
847 1588
6494 1832
284 1257
876 2571
1038 2193
1325 1405
413 894
1545 2533
1674 1572
657 1485
944 1144
863 1524
824 1443
1124 1189
2667 2438
610 1410
694 1320
500 1612
354 916
540 787
976 1712
809 1661
2744 4627
1572 2823
1847 4071
597 1402
550 1841
345 1166
221 537
2654 2818
414 1487
3520 2696
1353 2372
1364 3442
1138 1653
620 2335
1516 1913
643 858
1682 2683
794 947
3108 3519
1170 1431
1036 1906
3615 3735
1863 3132
246 152
2756 2162
816 827
2461 3611
1379 2611
817 1004
3805 4603
1592 1784
595 1127
1992 2273
797 3001
1040 2859
1473 1923
2157 2979
2554 4239
1169 2073
1422 1505
4186 3620
835 1282
2152 3128
1301 1399
1737 4113
970 3414
1850 2441
1630 1237
2572 2650
703 825
3002 2359
3127 2285
838 1498
1818 2045
879 1171
2509 3925
4792 4676
543 1792
1874 1549
546 1864
775 1008
1050 1764
3229 3716
3736 4168
1287 1240
2435 3789
1184 2001
2330 3398
2707 2415
1113 3361
2231 3737
3777 4142
5606 3319
5396 4160
7563 8132
2650 3855
1636 3336
3683 3268
1653 2872
1952 2166
4234 3987
4213 4016
3268 3746
986967454 1902357660
1
sift 163
141 617
31 74
36 88
242 711
24 68
28 67
208 654
121 300
51 177
3055 3654
418 1106
112 263
199 470
395 1078
64 209
441 507
50 175
48 153
7058 19844
106 258
54 193
10029 8436
77 254
156 332
75 226
146 368
96 245
773 2448
197 460
177 426
83 238
143 316
171 356
340 670
287 607
315 605
275 1044
715 1836
124 264
402 1079
159 392
250 476
118 323
168 371
185 413
256 1159
154 349
716 1017
541 1230
176 419
334 1149
491 1377
562 729
456 814
331 1275
181 877
188 543
580 1227
193 575
1518 1783
861 1707
640 1327
401 809
897 1249
269 1114
575 805
498 986
1024 1902
474 865
819 1160
1052 1453
3386 4481
329 771
2411 2621
213 721
1261 2346
939 2219
324 636
1325 2104
12115 11889
1124 1581
388 1180
1331 1254
931 1493
584 1662
726 960
221 810
515 1251
540 1640
201 596
8490 6619
353 1166
2262 3929
930 1451
414 934
683 1560
365 1225
1979 3998
948 2226
1442 3219
552 2024
1141 2410
595 1411
2660 2676
1472 2375
233 1004
2460 2819
520 1188
246 528
4263 2649
1854 2673
1169 1672
1826 4735
816 3363
1018 2510
5825 4581
721 1386
6609 6183
835 2142
2663 4208
725 1348
4774 2976
4586 5492
3400 4220
3197 19037
2975 3697
2880 2539
3610 5125
984 1576
5329 6099
3859 4484
5127 4725
4089 6219
4134 19595
5986 4854
2550 4422
5343 5046
4512 5607
5165 6996
3044 3944
4384 5839
6900 7350
4727 3890
4179 4341
7744 7894
3145 4909
7341 5452
8174 5303
5350 8064
2132 2428
9911 10709
7397 6979
5353 6923
6399 5141
5804 6659
5191 19381
5653 19393
7773 6710
4454 3489
5331 4886
8210 6288
1796 3961
16495 4812
986967454 1973385072
1
sift 371
335 582
988 2193
44 100
52 113
141 206
126 340
113 148
79 159
102 260
699 1447
122 210
68 114
99 115
313 772
78 144
110 158
105 125
2357 3444
571 764
151 293
603 889
906 1853
174 356
205 287
202 295
2125 4483
140 218
949 1236
155 168
2084 3213
97 152
402 541
277 515
128 192
521 1059
428 542
245 294
567 785
1338 2601
195 292
158 319
432 751
137 163
166 166
553 1033
421 824
541 975
804 1518
261 226
818 1316
150 186
249 323
1228 1034
573 1207
173 179
370 972
208 326
334 620
239 304
798 1329
952 1428
555 760
1257 1822
434 726
181 253
534 1243
499 559
667 1473
549 1179
787 1952
504 899
1330 2073
235 441
728 1463
645 1269
164 182
182 250
215 263
580 724
393 389
833 1721
878 1634
866 1525
1570 1848
1642 2757
271 405
1479 1774
1152 1866
1809 2426
1079 1955
255 353
224 343
672 1149
1578 1818
431 739
960 2175
967 1771
650 929
134 132
487 803
895 1015
3375 3210
465 871
846 1449
844 1330
425 1087
663 1113
135 142
689 1110
639 781
1563 2233
861 1498
920 1629
1294 2571
727 1013
372 418
686 912
886 1614
485 677
1459 1975
537 623
269 381
1985 3170
956 2013
429 644
1951 1964
1632 1235
251 266
1384 1889
1543 2265
283 810
2332 3252
698 799
1024 1369
2422 3710
688 1307
897 1038
1765 3202
1586 2094
939 1726
2712 2556
664 940
1514 2513
169 172
1512 2345
2399 2750
1439 1939
569 1155
601 782
1395 2364
863 659
1419 2307
217 312
2049 2335
1413 4203
216 228
3578 2436
412 642
199 195
1108 2037
2411 2916
348 558
968 1907
589 664
3255 2897
1261 3014
213 435
4980 4219
657 1133
609 1161
408 320
1674 1905
1545 2157
624 428
2039 2826
228 365
380 282
1282 1665
2875 2140
440 284
1183 1017
500 989
1067 1187
570 841
944 1094
630 367
976 1909
1165 1672
1763 1337
694 1341
323 400
7443 4403
292 371
1124 1051
631 451
594 1278
265 316
550 1189
584 1114
1081 1973
1524 1484
824 1313
2190 2084
597 1044
540 806
2667 2504
1173 2244
1082 1427
2574 1701
345 636
1584 2467
3023 3994
552 1002
2279 2107
809 1602
515 858
1644 2133
990 1479
2431 3102
221 379
1068 1542
1138 1874
572 1311
1739 1694
1572 2400
1364 3533
2654 3993
1516 2106
1302 3067
1569 3624
366 547
2999 2926
754 1958
1085 1594
1905 3058
2094 2055
2510 3974
643 742
2857 3093
1863 3048
963 1663
1354 2196
1084 1257
2599 4474
4540 4199
475 883
2461 4247
1169 2199
816 830
794 1007
797 1673
1309 1424
3615 3360
1359 1414
1379 2900
1391 2315
817 784
1279 1215
917 1102
595 928
3494 4497
1826 2129
2060 2090
842 833
2549 3843
480 459
1018 1176
2152 2038
1992 2375
246 237
1217 1844
1174 1389
1616 1770
850 1460
3752 4368
2107 2652
1473 1733
276 230
3049 3390
1774 1695
3316 2702
3394 2823
1422 1953
766 1781
966 2326
925 1891
419 614
1760 1917
1917 2427
1932 2618
2678 3852
612 662
3715 3234
1305 2332
894 1448
2167 2124
1237 2739
1301 2034
2291 2860
703 635
6349 4491
2557 2569
1630 1485
1559 1867
3735 3027
1790 1621
838 844
3263 3637
545 553
987 1530
3003 2554
723 852
823 1124
1624 1345
2585 1292
3691 2917
2432 2068
3679 2384
1436 1686
731 789
978 715
546 1230
2144 2920
1032 1024
2907 2551
1988 2521
451 255
1387 1579
3736 2116
2452 4003
2985 4284
1012 612
774 674
829 874
2730 19998
1146 877
1050 1073
3164 4559
2286 2499
4999 3938
3175 3797
648 325
2137 2755
1641 1560
2225 3082
765 804
2319 2550
3839 4279
4025 2781
488 416
5577 19988
2935 3074
1667 1723
3311 2971
3710 3077
2931 4231
4835 2495
3542 4195
1339 1388
1606 1434
1646 2059
1832 368
9246 7373
1312 421
2416 1249
1796 1916
3599 3333
1914 1014
2986 3294
1655 1100
1244 1237
1082597294 1134820119
1
sift 63
0 0
114 94
7900 19487
166 141
183 250
134 144
59 57
137 145
1045 1156
4918 3518
154 167
470 556
451 198
110 119
612 1042
12121 5964
214 242
116 90
3335 2937
393 287
122 114
2991 2816
246 334
119 133
6008 4311
213 206
338 313
15000 10210
151 129
172 161
14440 8486
223 176
269 277
265 280
1518 1441
445 304
405 295
650 670
443 747
387 913
2233 1906
1468 1849
354 458
359 483
517 449
427 382
524 420
680 642
871 1192
1418 3427
529 613
1070 1389
5862 6746
5425 2694
1066 462
1562 3201
2987 2133
2143 632
4434 2935
556 391
5735 4063
6337 6045
267 125
1120356350 2084780713
1
sift 114
648 497
242 121
133 65
955 735
168 74
279 167
3895 3577
288 135
422 166
1624 775
262 124
315 134
409 147
241 100
1125 532
408 345
290 107
406 140
457 283
917 426
336 240
401 174
393 273
531 369
752 478
733 510
802 429
545 229
655 653
465 247
659 244
623 396
781 555
615 266
956 391
1371 58
199 87
7400 2067
643 518
821 534
1347 652
1194 449
1137 699
991 642
429 264
424 218
605 178
448 393
746 641
874 310
1271 831
499 305
737 290
509 249
453 185
1860 1283
1314 1060
1250 1400
1086 404
559 308
1640 994
1028 542
951 683
420 467
609 331
895 612
555 372
1557 1131
646 309
521 436
910 772
897 410
2132 785
1868 1291
675 442
922 734
1115 847
748 337
2748 2092
931 275
847 563
1027 1312
722 354
997 659
1614 1565
2435 3478
1168 896
1609 456
936 527
1367 1505
945 712
1851 2035
732 549
2560 5111
564 879
397 156
692 686
345 268
1183 286
873 1016
1017 771
684 620
2440 274
766 462
2564 1855
2417 2371
1439 1175
15271 1833
2410 2641
15248 1140
1463 407
1748 1608
2820 1256
1807 901
1149366185 1902357660
1
sift 282
16 18
59 135
47 74
423 633
379 628
222 475
52 88
48 80
458 549
116 265
45 69
46 67
575 812
128 286
51 75
71 185
137 256
166 344
73 173
75 169
79 174
241 555
139 154
504 826
104 205
285 625
80 177
172 242
103 253
239 523
223 387
658 1232
69 188
295 704
86 212
213 366
91 211
407 1034
145 263
185 354
794 1176
1650 3427
76 153
108 209
112 290
327 756
150 258
102 175
353 621
612 1315
92 193
184 332
1623 3124
2222 4992
131 245
243 385
284 582
2108 5830
85 178
120 226
169 440
2918 6365
212 368
306 605
211 337
486 1813
148 254
341 712
1603 2579
9081 6909
127 238
338 607
236 629
206 327
155 291
174 480
857 2267
371 670
265 695
281 460
262 426
872 2400
204 316
226 357
3290 5828
831 1106
144 264
2960 3357
260 373
198 401
326 856
302 459
168 323
9915 6854
221 392
225 313
868 2092
448 617
255 413
276 683
325 476
563 963
4256 3796
374 630
333 485
2566 5000
199 349
432 663
734 2554
435 814
275 419
568 2373
329 442
282 432
3312 6034
1564 4043
1211 1871
1015 2517
233 543
332 488
1489 3109
322 497
417 622
3179 7098
1216 1529
363 624
9793 10275
591 1149
951 1688
9806 9394
2607 1771
442 679
2162 2325
410 703
524 805
3856 2608
418 752
446 537
492 986
519 685
823 939
1408 1641
643 1377
480 865
496 654
544 645
388 573
1409 1448
304 416
6975 6805
1431 1455
488 960
777 982
347 636
787 1345
901 950
606 1661
727 893
855 1343
693 1094
1070 1093
1570 1849
710 1254
3284 1893
613 1710
2947 3298
758 1268
4036 3991
1108 1327
1471 2826
2563 2162
1343 1410
380 721
1235 1501
1112 1362
411 690
1024 1459
2000 1902
2632 2444
1574 1554
1537 1403
4012 3504
698 1150
2460 1792
1337 1258
562 1180
917 1662
943 2708
406 811
1888 1335
1018 1800
646 1425
5729 4216
1398 1229
8632 4258
888 2375
4081 2167
2073 2080
2558 2289
4615 3929
6216 3176
434 532
1294 1213
1441 1391
3252 2044
1043 1640
556 766
649 1167
1470 2081
2505 2503
1594 1925
1843 1294
2126 3998
476 935
2587 4318
403 519
514 1188
634 1411
523 596
1514 3849
3586 4515
3641 2613
2547 2493
479 563
6222 2987
4639 6804
1913 1618
444 493
397 471
1041 1987
536 696
1435 2399
947 735
1655 2891
2722 2490
3501 3416
515 528
4377 3808
1322 1989
499 473
482 507
18553 3625
798 1384
6403 18604
3666 1752
955 876
1599 2142
5958 5308
1107 2123
1265 19632
5035 18991
2518 2648
2892 4451
772 590
545 574
4732 2430
1384 1295
1188 1182
990 1101
666 545
9141 18032
1942 3953
6265 2878
9810 6841
2205 1669
8527 6327
2487 2403
3869 2720
3124 18489
1152 3446
5755 3003
4141 2067
1219 850
4620 3311
5171 4327
1553 817
3275 4014
4068 4781
9831 7344
4260 18435
19506 19548
8101 8732
1149366185 1973385072
1
sift 84
2240 2300
804 646
8310 12131
401 270
12976 18397
2665 306
876 1212
9325 11053
342 201
3223 3190
571 281
432 287
332 163
596 293
1212 889
400 441
1133 1952
496 326
1354 1634
855 1473
1195 1785
642 295
19510 5960
411 772
651 996
1706 1351
1112 1038
721 1087
398 809
3069 1954
456 365
5328 3210
1294 530
2938 2307
917 1114
3131 3710
762 858
932 841
1103 1070
4398 2211
2408 1526
892 1044
3314 2694
1613 4203
2382 1585
895 2644
1321 3318
1470 2403
3789 1502
1197 1119
634 928
1775 1215
4489 3993
1107 1460
4013 1832
574 312
7277 3957
397 207
3988 2124
867 309
515 237
1458 2864
482 283
1730 2044
5377 2259
2205 1074
772 490
4545 4284
2107 934
3431 1700
9207 14379
3640 3295
5432 1869
667 325
10502 12290
3942 3074
3000 3572
11020 8451
10085 11324
621 496
11951 9594
833 759
18797 19993
11494 15369
1171417480 1267978424
1
sift 97
1650 4064
789 1024
33 31
168 320
76 135
38 29
370 960
84 157
64 106
52 294
82 174
114 113
89 208
116 152
106 199
77 140
69 83
97 201
94 166
378 1150
203 246
130 441
406 552
125 165
356 485
131 109
174 312
267 429
104 221
205 388
530 889
473 823
145 263
133 318
740 1090
87 173
177 346
323 311
590 810
109 112
188 224
962 2195
187 477
448 745
365 499
264 342
160 255
541 1084
334 661
630 610
234 247
319 462
309 390
262 293
647 660
596 834
1223 2049
390 409
432 524
362 306
241 304
1048 1142
545 878
398 627
913 4221
760 625
516 698
332 375
893 1248
311 399
352 400
1401 3619
1722 3579
595 767
1975 3281
346 521
312 374
345 265
1016 1717
827 1342
1019 1782
3394 5765
1576 4727
793 2798
1235 3031
2002 18455
1309 3851
5425 6139
480 3905
1950 5625
2844 6996
1536 3411
3315 5535
3878 6353
2299 4862
3359 5796
2318 6182
1171417480 1575179853
1
sift 273
684 805
11 14
1913 1369
28 61
1968 2045
37 78
1874 2247
168 288
862 830
277 455
2413 3329
100 193
52 190
93 126
64 94
2609 3354
62 82
370 1185
105 305
82 124
214 245
130 170
140 233
96 239
378 692
785 1853
89 123
215 236
129 186
67 107
493 1198
1041 1841
139 143
77 96
662 1842
106 139
353 605
133 136
102 164
191 289
94 106
222 230
146 291
68 114
1226 3016
503 1243
186 454
115 258
187 237
648 1736
925 2290
443 919
406 754
356 719
853 2703
72 118
205 286
890 2113
197 841
382 637
171 178
246 365
727 1516
103 161
179 172
527 886
530 970
475 1093
145 163
190 231
451 824
209 299
476 1013
148 146
127 153
291 439
473 1024
568 1138
548 790
807 1329
265 483
1068 1986
1120 2007
1312 4454
547 835
670 1017
791 1350
554 1305
1122 2305
633 857
180 182
229 223
1110 2835
490 930
1747 2409
659 851
331 399
164 217
590 1054
275 440
1611 3376
556 1223
579 1129
678 1283
1509 2471
872 1080
468 752
765 1268
790 1695
437 460
112 99
328 639
245 274
364 466
340 381
706 756
463 748
913 2185
746 2190
528 1142
810 1479
597 1538
541 1043
511 1051
565 645
1195 1828
1411 3394
677 986
258 292
805 1383
682 1236
630 780
1075 2191
680 813
841 1578
107 92
1535 2679
1131 3625
833 1256
710 2239
623 981
321 366
574 1059
1344 2053
671 1486
732 1172
581 1293
1042 1818
535 936
802 1397
1060 1873
647 710
1165 1877
1644 2918
119 140
698 1775
1398 2114
1878 2082
1774 2858
459 664
405 1182
324 520
1061 1670
855 1423
1840 3897
326 325
486 1193
450 1447
399 545
2337 3006
390 321
583 1266
1401 2313
707 1215
1714 1058
888 1632
2280 4578
819 1354
753 1827
864 1850
1738 3119
1916 3396
453 612
1660 4023
1047 2658
1240 3178
2147 3570
1880 2329
1610 4637
1506 3481
343 441
1052 1658
1158 1835
968 1631
1223 3051
758 1327
195 155
795 836
894 1377
1748 2512
773 2076
1038 2178
1669 3762
1373 4816
1073 1752
1459 3110
1598 3007
957 1209
344 450
2587 2000
1102 5116
456 741
1666 2877
1407 2283
778 1543
1191 3155
2196 3683
441 843
2634 2978
1869 3157
718 819
423 297
345 173
1575 3078
1628 3266
2678 3577
1368 2043
1572 3859
540 1592
419 848
2230 4651
1285 2452
1895 2585
1303 3637
1488 4907
2251 6210
779 1556
1235 2632
1276 2663
1619 3207
458 478
5926 3406
2709 4425
2477 2495
1877 4017
2342 4407
1623 1709
2487 3678
1405 4987
1638 4117
1600 4973
2272 4600
1210 3998
2057 2871
1707 2328
2625 5323
1813 4196
403 567
3144 1781
2376 3964
5008 9071
3078 11722
2552 5533
2424 3871
377 467
1099 532
602 1211
1515 3909
586 831
2066 5110
982 1638
954 3233
1197 2217
1258447448 1267978424
1
sift 316
76 135
74 115
188 295
94 166
1186 663
85 140
106 207
522 623
1249 823
170 200
78 148
1394 1290
108 176
163 263
110 181
156 241
1481 889
135 262
332 344
273 388
879 485
346 405
1076 811
1098 802
2037 1037
123 222
717 696
129 280
193 327
305 380
498 409
340 428
1769 1164
791 610
655 660
2274 1857
308 394
1785 1240
1188 915
72 131
83 172
2507 2521
718 559
325 387
375 481
1537 807
1985 1275
2059 996
878 569
1351 1210
1497 940
1205 818
2497 1493
1024 766
1120 918
1871 1282
1258 759
1298 843
2267 1161
1722 1119
3056 2011
1702 851
1793 1073
2029 1086
1951 1083
1738 1212
189 269
1879 985
2271 1371
130 204
565 682
1255 789
1529 1070
1396 865
142 237
376 634
1972 1712
1583 988
495 618
132 267
152 265
104 197
3235 2893
1996 1378
128 259
2159 1194
241 442
240 363
2802 2023
125 193
1456 955
196 338
185 354
1508 959
207 337
1424 971
2777 1538
1839 2215
2911 1771
1808 1183
1225 796
2087 1650
2148 1595
101 202
218 391
166 232
209 261
1981 1553
145 235
3133 2270
2596 1289
1721 1016
823 827
610 781
1893 1250
1989 1288
1917 1169
1713 1029
2326 3083
1459 1033
2127 1089
2322 2028
1316 1144
2374 1163
2088 1280
194 315
3528 4188
2579 1560
1975 862
2410 950
2867 1488
1075 1303
1936 952
2360 2285
4509 3623
2528 1068
4091 5542
1399 813
577 775
3292 3392
2826 2663
4571 3996
247 413
2220 1461
348 461
826 744
1118 711
1414 900
3551 3745
527 638
19998 2883
2692 1292
4005 3655
3604 2137
451 460
4000 3782
1902 1041
611 707
341 350
763 760
5701 6512
19995 3522
216 289
4764 5312
2851 2393
3884 2864
360 580
1775 1011
2460 1287
3186 1877
2757 2823
335 554
353 443
1799 977
2678 1221
358 450
2723 1217
659 779
2040 2349
4541 3704
3405 2397
2622 1450
5109 5469
2619 1720
433 679
1910 1364
4100 3518
2288 1652
4463 2539
4105 3249
3075 1081
2929 1573
1960 1153
560 607
1397 928
3806 2220
1352 839
1636 1470
534 773
2637 1718
2922 1760
2861 1925
351 587
290 402
2920 1401
3867 3632
318 422
4249 2660
450 700
3043 1645
381 685
2509 2907
4002 4096
454 611
313 483
3736 1464
328 403
863 806
3091 1895
401 416
2941 2140
2514 1799
2140 1490
2936 1746
2598 2174
835 683
3502 1557
3102 2219
2825 1987
389 553
2767 1584
513 548
552 664
2486 1332
4163 4279
1007 1489
477 528
521 652
598 825
278 364
698 630
1919 2985
1450 1004
550 606
2357 1713
901 905
2785 1686
750 748
824 736
2564 2387
2142 2880
2344 1431
3666 2139
2776 2318
4328 3727
2368 1673
5708 6875
470 804
1891 1136
509 515
322 506
423 578
270 503
299 484
453 684
2850 2716
3183 18324
276 544
666 709
3614 2901
337 680
3451 1888
2257 2649
1216 2091
5162 4983
583 495
991 1265
1716 1297
4147 2800
3700 4258
4686 3018
2612 1794
4516 2887
631 1115
3943 2401
4415 2510
790 981
3229 1837
483 474
743 935
3742 3965
13809 3949
5060 19256
2556 2295
697 732
1586 1759
3860 2892
4501 5188
4937 4017
4848 5264
4760 3310
3108 2782
1757 2516
19990 18248
2146 2327
776 872
3529 3303
3939 3583
3876 3366
3103 3213
3754 3074
1843 2513
2447 2723
2893 3363
1965 2048
2242 1861
1258447448 1283547991
1
sift 204
54 39
99 95
74 56
188 180
1186 358
86 87
1249 443
203 136
864 305
943 325
1481 635
170 126
109 91
110 111
163 183
347 234
528 307
717 610
178 103
136 125
913 377
123 145
1050 538
498 287
1785 841
308 230
297 280
251 381
1537 584
655 548
105 172
325 231
375 374
971 518
718 379
3359 1608
1497 660
2029 798
1298 742
2585 1810
147 142
180 164
2046 514
165 181
419 487
258 284
2911 812
2270 1123
495 414
1225 530
376 515
1424 668
2596 666
2777 1303
218 200
166 107
195 203
125 123
134 159
3375 1077
1981 1877
209 158
2041 815
1917 966
823 494
2990 1313
2326 2274
3640 1476
1672 681
145 173
4100 2105
2202 1027
1975 586
2410 791
2528 813
247 248
4423 2600
3506 3573
938 390
1767 894
2254 840
3250 2120
2060 1612
2127 1010
5701 4375
2932 1988
976 636
2255 1109
2359 1904
335 276
3944 1620
349 388
527 426
1775 811
2140 1001
2460 818
348 373
1960 846
2049 704
3125 932
3292 19416
341 291
433 318
1910 1110
2622 845
560 427
2930 1190
313 186
2213 612
534 306
2751 790
1697 615
2405 884
502 316
3094 1311
1971 1023
523 337
450 420
710 528
4475 2981
1397 699
577 634
3601 1236
2928 1794
1352 781
3364 2339
1088 657
582 507
361 224
4163 2890
470 410
2922 926
430 258
2936 1296
3922 1953
4581 4036
401 275
2323 620
280 251
3043 1066
477 204
2290 928
2514 2038
4877 4819
1305 1057
3572 1407
2515 1117
2246 967
269 257
217 254
550 433
333 328
235 237
487 333
328 309
3229 1500
475 349
586 652
4612 2007
3257 1656
660 402
1891 810
598 570
278 221
521 601
2600 1400
3380 1867
2785 1493
3899 3210
453 411
2368 1015
4444 19002
3389 1652
4328 3437
666 460
2044 978
3451 1357
439 438
991 1261
3200 2184
424 429
2477 1952
3411 1564
3108 2130
3561 3458
1888 2319
3803 3887
1302 820
3432 1955
594 370
829 869
3921 2856
1428 1440
2716 1237
4806 3758
483 404
1292 944
2275 1394
2591 3730
3638 4681
1109 2495
3418 2745
1464 2428
3062 4267
1258447448 1575179853
1
sift 154
54 51
2808 1386
76 93
100 124
325 293
188 252
94 106
2039 1593
106 122
85 96
2029 1418
1394 851
1249 1024
565 623
108 110
332 289
165 225
110 130
163 163
142 166
310 258
193 164
202 283
879 719
129 194
125 142
528 466
1076 1055
2076 1846
780 682
2037 1231
210 212
203 231
588 424
264 285
123 161
340 327
491 457
913 756
1289 1129
215 229
498 321
1034 724
1106 764
411 302
655 710
2288 1628
2210 1695
1189 1016
3262 3195
1961 1421
2566 2255
270 400
308 300
1226 1172
337 409
69 79
2473 2394
646 539
72 83
187 242
2500 1744
2533 2191
1120 1099
2748 3074
1722 1153
1151 920
2275 2125
1951 945
116 180
1652 1671
130 135
3235 2826
376 354
1411 1091
2583 2993
185 168
1996 1586
1366 1611
1507 1327
1456 1722
152 173
1159 642
3223 19987
2086 2043
3675 3487
2268 2092
3874 3407
1225 1338
1981 1931
146 215
610 613
4465 3260
166 188
3134 4100
1316 823
2326 2556
2187 1749
266 256
247 417
1399 1367
3098 4188
1414 1010
2826 3560
1947 2286
611 801
2359 3053
659 739
938 837
335 694
358 298
1697 1651
345 411
1352 891
450 865
356 356
523 526
512 398
582 658
4463 3565
4175 3437
863 901
861 363
401 346
520 747
477 308
789 817
835 726
1088 1291
519 497
551 940
504 515
617 750
538 1294
453 488
509 372
698 1271
1450 634
2165 2513
423 876
824 1226
774 438
583 259
11787 10463
694 566
1944 1589
1762 2124
697 1009
1363 3486
1644 3308
1719 2089
4072 1621
1627 3029
3939 3766
1258447448 1902357660
1
sift 171
4075 4838
54 242
82 437
76 393
100 385
74 327
94 373
188 617
522 962
108 399
1186 3458
79 404
528 783
110 488
123 431
129 537
136 444
256 622
332 760
305 711
308 654
251 750
2210 1707
1034 1327
70 336
2037 2635
943 1422
105 515
1407 1453
2438 3500
1189 1581
2346 3492
116 470
376 830
1973 1810
103 420
130 452
2774 2562
180 519
1529 1252
3235 4175
147 506
1702 2471
3862 18375
336 766
495 1100
2777 1932
132 493
1835 2089
195 556
152 528
125 471
218 560
1839 2090
2160 2451
101 473
1603 1763
4263 4872
209 507
3580 3627
1316 1440
2060 2430
264 669
2188 2436
2911 3583
1917 1858
294 653
266 650
1713 1476
4539 4303
514 987
1414 1397
3528 4899
353 576
348 686
341 529
659 1125
2305 2878
2613 2478
976 1669
2867 18179
3250 18222
763 782
2692 2610
3916 5311
335 850
1106 1296
1047 1101
4655 5184
290 644
582 1009
2399 3119
650 981
2564 1890
560 955
1019 716
2127 2970
313 574
3506 6170
433 807
345 796
4545 10138
863 991
1775 2231
1677 2939
1088 1273
2254 3263
929 1063
1971 2368
901 1145
1550 1747
2031 2097
1970 1627
217 594
2509 4081
2302 3275
299 618
269 681
2619 3372
389 804
322 701
3385 3955
4566 6153
618 918
453 828
236 613
1172 1574
2922 3898
333 717
2049 2247
1239 1596
1430 1262
487 676
2431 2274
4100 6374
1736 3069
1960 3160
550 952
583 600
824 1267
2930 4815
1302 1082
1216 1270
2555 3201
423 875
646 827
3666 3235
1891 2262
2290 3386
995 1469
694 894
4018 6220
1716 2622
2612 3259
1108 1181
4397 4221
2100 2093
683 831
828 1024
790 1236
1762 1843
772 1307
3754 17810
2416 4181
3200 4954
2146 2564
4305 7174
754 1218
3668 6604
1426 2284
4780 5744
1258447448 1973385072
1
sift 647
1058 1165
12 11
4 2
1994 2029
20 20
27 32
2009 1727
26 31
144 216
2822 2811
54 90
76 131
172 209
88 113
739 344
112 133
4833 4674
115 148
252 227
75 119
1540 872
160 155
221 215
188 206
100 159
719 525
2251 1139
151 169
87 115
74 114
198 210
94 144
1129 888
747 509
141 182
186 193
393 272
248 245
106 157
175 223
1481 764
102 122
230 294
402 341
298 270
541 301
1062 958
329 355
85 146
307 273
170 153
1186 1034
874 723
528 403
256 259
1202 1117
283 266
231 295
664 560
163 218
1065 889
346 356
108 152
522 397
295 260
503 383
449 470
78 135
156 197
273 304
81 103
135 192
1285 1390
110 163
149 161
129 168
2645 1788
426 452
920 902
332 389
633 542
105 136
331 331
355 340
285 299
737 790
310 353
350 323
498 515
228 297
588 559
123 174
799 825
950 898
1098 1013
700 446
237 291
655 726
578 527
399 292
2019 1654
935 903
879 623
1034 780
169 205
1244 816
912 655
136 188
1568 1607
193 263
877 769
794 906
314 252
864 799
178 186
830 471
2210 1498
500 319
1409 1248
1066 1043
308 326
913 1038
461 489
1417 1316
281 248
411 418
862 620
859 441
1303 961
2697 2595
1211 1000
1423 1099
1769 1715
92 110
1226 1138
69 124
1404 1351
1220 1423
284 302
791 793
301 275
1523 1329
2406 2109
1755 2601
1194 930
526 486
1050 913
1407 1205
511 585
1329 1396
589 440
1735 899
1351 1449
1785 2307
1121 987
408 343
73 132
2376 2534
1332 1001
2438 2504
1815 1525
1789 1473
1189 1051
2724 3653
1445 1151
2034 1508
1184 1113
2426 2069
546 530
323 339
83 142
479 424
1193 803
1044 1054
2578 1634
1446 1147
851 405
2203 3210
996 678
1230 1174
4190 3975
1703 1721
3327 2786
1341 2360
187 267
878 918
2238 2513
325 348
1177 939
1398 1284
3305 2715
1032 1243
4382 3851
1948 1835
966 652
1537 1265
1595 1392
2039 1875
1144 1094
1517 1432
1909 2435
1157 664
2057 2648
1593 1454
1518 1944
1813 1907
2297 1648
1215 1445
1401 1395
1786 2080
1794 3009
1504 1666
2232 2249
1722 1964
1882 1830
893 642
1718 1961
2055 3170
3073 3710
1650 2175
2762 3268
1645 2026
421 316
2200 1884
1265 1424
2533 2157
2450 3014
3698 2190
395 453
2096 4244
2339 2987
2795 3761
495 372
1485 1133
1946 1975
1443 1313
566 365
1572 1905
1754 1405
2827 2240
2873 3378
2029 2556
1256 810
2080 1383
2480 2650
2745 4128
1300 1087
2808 2473
787 806
1770 1577
2018 2133
116 195
1143 880
410 382
1578 1542
1835 2216
936 841
2382 1672
1611 990
1166 636
1552 1427
3915 2348
1432 1586
1661 1602
147 172
1797 1480
419 449
492 438
143 228
180 236
1912 2800
947 1007
130 208
1497 2090
164 244
324 338
4596 4443
2083 2334
2199 2661
103 177
1080 1035
2701 2387
2652 2272
1991 2055
858 742
2086 2244
1913 2106
202 286
1358 1257
536 380
241 320
827 830
1477 1537
600 442
1539 1114
2151 3093
1366 1663
1338 1311
2656 3102
2371 1942
189 240
207 305
678 547
1474 1786
1668 2364
2823 2400
1655 1166
2006 3062
1028 1157
3243 4294
781 581
132 230
2241 2622
2969 2965
336 455
3963 3113
1591 1145
4603 4565
2380 2074
2265 3002
2786 2329
1507 1549
152 237
196 308
2194 2849
1487 1010
654 789
2630 3058
195 265
674 497
3019 2951
4602 3760
218 312
1225 1389
1004 784
185 288
1669 2412
3442 3533
1023 827
1784 2089
466 370
2524 3192
4173 3974
101 191
3609 4246
446 946
1620 1208
125 207
2752 2031
2544 2702
2322 2823
2185 2129
134 202
1923 1733
1856 2315
1604 1363
707 662
514 591
2325 2147
1964 2275
2286 2446
7158 4616
1977 2181
1505 1953
4106 4486
3132 3048
1159 1483
1063 1315
1809 1817
1074 869
2085 1887
1420 791
2168 2222
3583 2471
2911 2596
2915 2545
1981 2259
2611 2900
3466 3279
1281 1150
1498 844
1275 1247
19997 3070
3128 2038
3895 4479
2855 2583
2273 2375
209 283
1399 2034
1163 638
816 983
3585 3351
2686 1793
145 254
2534 4019
1434 2052
1342 1510
1127 928
366 416
1389 1109
3133 2950
620 1562
2579 2716
930 707
3341 3907
1237 1485
2596 2712
194 313
2285 2392
2326 2496
3430 3995
6381 4659
1337 998
1874 1846
2792 3277
976 1074
1126 887
2060 2765
1025 1024
247 333
3651 2917
3642 3007
2104 2551
2272 3416
1947 1869
2661 3332
3606 3288
2105 2416
1008 673
1649 1873
2176 2070
779 412
2360 2554
3208 5162
2068 2220
1764 1068
2398 3944
3693 2390
1744 897
1935 1686
1231 1365
1869 2101
4168 2116
2952 1691
315 404
2240 2782
1490 1195
3331 3423
1375 1435
611 613
643 650
2094 994
1584 2303
1683 1123
2088 2198
1045 1203
796 467
448 387
3046 2269
2399 2278
1736 1700
491 415
531 572
751 971
3453 2021
868 492
651 573
938 995
486 756
341 1025
2040 2685
1630 669
351 464
659 952
360 531
1471 1335
524 933
494 765
335 430
1920 1843
2311 3883
1276 1372
977 1373
345 594
1106 966
358 877
1894 2442
450 478
3861 4190
2569 2243
3265 3350
3199 2144
414 463
569 608
442 445
401 624
4701 3727
4619 3804
454 619
409 549
2280 2893
1974 2022
534 648
384 539
460 444
464 345
560 828
4003 1911
2794 4359
750 767
2419 2218
433 460
1352 1047
3649 2314
2883 2743
1941 2042
4439 3096
381 487
582 551
1007 947
3126 2404
4033 4559
533 421
1987 1697
2623 2568
4161 2944
328 479
520 399
4957 4794
313 406
558 360
4057 3178
3026 3538
2186 2281
519 919
876 592
339 368
12760 13245
598 836
1128 1052
521 748
3016 3648
1743 2062
3203 3145
2071 1488
322 536
549 590
1847 1916
550 761
2031 2858
635 932
2743 2604
13089 15527
576 770
2381 2768
701 520
621 991
418 945
3180 3645
389 588
278 505
820 432
929 710
658 1031
2727 1854
217 528
543 641
1036 1142
271 436
288 377
4333 4242
299 544
675 519
3922 3147
672 736
1174 1640
699 808
489 485
618 743
439 821
416 853
2091 2121
1206 863
447 374
607 595
703 1008
235 395
3570 3611
698 999
758 461
617 1801
612 1201
487 451
649 456
850 1352
1586 1924
923 2368
1119 1018
725 579
1486 1297
805 1425
1266 1779
1305 1357
1283 1937
690 597
586 1340
3214 3369
1005 1158
4457 3885
424 935
958 980
1216 2305
1308 1408
2257 2293
571 587
683 795
18540 15363
3451 3126
594 892
1322 1397
1113 1437
705 512
653 953
5213 4882
1571 1394
1428 1637
3767 3383
771 1097
832 1295
2130 3435
2275 2674
2587 3661
744 882
992 943
933 1085
1823 2033
1440 896
2493 2603
785 973
1279 1240
766 859
4652 1459
814 815
4937 4797
1719 2005
866 1125
903 750
1267978424 1283547991
1
sift 404
107 71
167 78
3931 2470
156 95
351 206
609 391
115 56
1848 2471
663 358
295 180
2376 3664
141 87
552 250
208 135
823 443
148 93
175 91
699 441
1025 807
183 125
889 635
388 218
1109 955
802 593
263 183
241 151
406 234
221 146
696 610
694 479
1241 1086
1240 841
656 387
19719 6232
873 527
676 361
409 287
394 230
1205 889
993 520
669 662
387 231
1469 1275
458 317
169 88
579 416
868 444
660 548
299 209
546 452
1080 749
1086 798
809 690
481 374
794 478
1161 773
801 401
282 354
1047 647
1059 915
324 153
2615 2087
1432 1551
847 503
1668 1339
881 822
934 725
1405 839
1955 1825
731 497
2616 1505
756 489
1771 812
759 531
1027 1265
1119 1037
3365 1691
1010 645
1211 876
1289 666
1113 680
979 787
1222 954
769 677
1619 1123
271 119
2260 1312
974 770
1962 1868
2238 2061
1310 1026
2935 2246
501 366
1077 796
1070 950
754 505
763 461
1945 1804
618 414
796 530
193 123
1731 815
1012 941
971 668
1829 1574
1980 1536
1170 1359
196 117
682 654
4120 2798
1145 882
231 108
1284 847
1538 1303
1755 1582
212 159
1828 1077
1553 1877
260 157
1986 1514
751 643
391 200
832 544
1723 1538
272 185
1002 762
908 667
1503 1378
2893 2478
549 301
202 128
18673 18864
901 713
1068 813
1249 924
862 586
1780 3097
2099 1635
869 604
950 791
1307 1211
1439 931
1158 623
1144 800
2043 1633
3655 3493
2406 2717
1897 1291
4482 18655
1148 975
1514 1364
1552 1052
1169 966
3426 3023
1948 1620
798 562
18732 18997
1174 840
1459 1100
1184 731
998 681
2434 2984
2285 1903
413 248
2156 1027
3773 3310
813 564
2310 2340
2512 2365
5019 4340
1287 818
1688 1278
1441 953
2825 2524
952 618
1292 1282
1134 768
2443 2695
4291 3643
1153 846
1029 1079
2397 1567
3730 3329
1030 982
1834 1393
1917 1743
2345 1677
1011 811
2501 2120
1450 845
289 144
3457 1800
2612 2239
1273 896
2313 1660
1721 2067
2480 2338
3652 2829
3753 1474
1859 1380
1353 866
638 426
1092 921
18708 18716
1823 1319
3986 3049
529 363
2377 1632
839 781
1522 1203
1055 1142
2290 1690
1228 852
3680 2901
18464 18735
4172 3047
1858 2214
1671 789
2605 2237
1763 1059
2265 2053
1277 1694
483 186
1610 1195
2461 2585
1224 704
3392 19416
18513 18534
1396 936
1431 806
4584 3783
18345 18404
3403 2818
2963 1793
2888 2127
1544 1424
350 291
1320 612
472 304
1998 1358
1797 1103
1821 1175
1404 895
4636 3364
3075 3582
607 427
580 466
1693 1031
2429 1343
2414 2183
3750 2981
2981 2289
4359 3547
4050 3053
928 699
5473 4794
1498 1117
1576 1405
6637 5145
18563 18393
19195 4615
18287 18615
438 285
2535 2314
1348 1180
2848 1555
1746 1296
646 540
4207 2761
18392 3220
826 581
1991 1602
3436 18339
1645 1066
1938 1293
423 215
2111 2179
3858 3501
2911 1899
3709 2973
1006 703
2181 2678
693 498
4607 3497
2094 2155
1799 2038
588 277
402 241
2449 1973
1112 1186
3199 2124
2167 1149
470 251
2645 2438
2996 1940
517 407
3241 1862
437 330
1349 615
19175 18595
2657 2294
416 275
887 918
1837 1500
528 204
606 433
616 542
3085 3118
1625 1354
1673 1015
506 247
2849 2748
2985 3378
19735 19358
18963 19918
18996 3312
3629 2150
19513 18567
3151 2285
18343 1612
18687 19081
3114 3732
19686 19741
3401 2227
19845 4382
1971 1196
3574 2407
3356 3969
18355 18620
504 257
2401 2066
1888 1357
3586 2783
5203 18963
3467 2806
684 411
572 448
3955 4472
2853 2628
631 335
531 439
19850 19606
582 429
576 403
4545 1977
19141 5526
2481 1831
3272 1770
4193 3309
3695 2350
3977 3831
18735 5675
1696 1271
3171 2184
1304 1430
542 380
3941 3797
19220 18495
4352 18363
4661 18601
2962 2957
3318 2616
3415 3041
3005 3399
19085 4589
4746 18488
1678 1729
19261 19448
665 606
3166 5765
18497 4487
1137 944
18771 2886
18325 18962
1979 3070
4813 4344
1824 1201
2641 3436
18236 3109
18866 18710
2346 2287
2035 1441
3927 18587
782 575
18948 18611
4622 3642
18763 4962
18715 2711
2570 1562
835 879
4788 3003
18522 5093
761 588
18871 19552
18705 19360
1585 1133
2910 3394
18283 5035
18452 4587
2151 2495
6445 4701
18840 19981
2484 18522
3060 18711
1267978424 1575179853
1
sift 338
4107 3076
58 51
85 57
320 288
3622 3003
421 447
90 63
135 93
156 119
567 700
278 233
174 124
663 988
227 151
295 252
622 464
199 139
166 106
1109 1253
666 605
140 96
1313 1663
207 122
552 754
967 1386
712 1243
717 886
694 987
175 111
699 811
1164 2018
149 102
485 719
458 373
344 289
624 339
3596 2468
181 130
262 171
328 221
263 163
388 286
1026 1399
614 637
889 970
579 735
810 1054
221 160
993 1213
405 299
1290 851
871 1270
280 194
916 1016
387 293
195 138
1254 1426
778 1011
696 748
499 465
1110 1369
597 580
669 645
856 1341
3301 2149
921 1918
2532 1830
610 780
428 327
929 1370
655 724
409 321
1468 1698
1084 1043
660 710
996 1546
1935 2255
131 83
926 1081
846 959
1218 1507
569 728
394 300
546 375
1000 905
1469 1706
688 546
481 472
2011 1973
1028 1526
809 1593
828 1178
1086 1418
1059 1557
1882 2081
776 1097
1139 1443
1350 1796
957 1528
999 1445
985 1894
1071 1251
725 884
248 157
951 1122
1259 1237
843 890
918 1099
1047 1801
519 311
1210 1263
1927 2247
1177 2385
1962 1701
934 1197
759 869
2016 2572
731 1414
1430 2127
1118 1154
1021 1393
240 149
204 135
2083 2805
792 1416
324 244
1405 2358
634 354
737 1285
1194 1814
259 148
267 197
1157 1799
797 1523
265 173
237 166
3811 3164
847 1431
682 623
783 1429
3214 3286
193 142
3546 3378
854 1159
974 1335
276 174
355 167
196 121
1073 1144
2358 3071
1200 1884
452 303
1179 1432
1691 1995
988 1315
1083 945
2987 3959
971 1400
754 821
212 127
1378 1586
1140 1847
1023 1509
1018 1018
338 250
1661 2135
1820 1790
1124 1394
1010 1455
1012 1296
272 211
1114 2059
1398 1460
1900 2146
260 212
356 246
1553 1931
1145 1241
1151 1769
234 215
812 1199
991 1381
2271 4100
202 147
1697 2964
341 264
1034 1916
231 158
1712 1503
1883 3258
1069 1908
2039 3715
1765 2553
796 1338
1314 2012
3205 3435
827 912
711 688
908 1162
2215 2597
1866 1735
1607 2416
1278 1645
781 613
822 1623
1016 1616
2017 2459
391 262
3392 2804
3083 2556
1042 1575
549 533
1201 1442
798 764
561 492
2367 2421
1033 1123
1664 1980
1458 1809
1542 2131
1144 823
2030 2484
1196 1928
2286 3053
2663 3560
995 1177
1296 1665
413 417
1620 2055
1202 1839
3410 3095
2585 4048
1126 1389
983 2204
1833 2667
998 1848
1967 2558
1867 2221
813 1367
839 891
760 584
900 1010
707 801
1491 2725
1122 1174
672 837
1652 1628
2098 4188
529 721
1092 1975
349 210
3951 3384
289 228
2085 2060
554 694
2912 3150
779 739
3316 4224
2950 3120
1134 2286
1317 1316
1440 1737
1228 1871
1797 2744
2955 3392
1841 1870
3567 4380
1606 1759
1479 1321
1972 2766
2412 3482
1680 3888
1714 2494
1768 2306
1436 2031
607 855
2747 3447
402 277
565 316
887 1307
982 1493
436 356
1601 2444
735 622
806 901
506 294
403 394
2539 3565
473 419
826 1498
1632 2112
680 409
553 668
3180 2473
3695 1999
416 346
1489 1938
2645 3343
605 940
1481 1607
5341 5566
527 307
683 726
2241 3298
1470 1255
364 343
2736 3280
530 731
572 573
631 497
879 438
2216 2836
736 1226
577 875
684 488
1939 1816
852 818
576 507
2783 2870
665 566
515 372
2352 4185
18333 3631
2387 1793
777 892
495 259
3611 2054
946 1037
3297 4141
1669 1674
18633 4222
2372 2157
3514 2753
18484 3480
18679 2938
2910 2758
3262 3010
4622 3925
1267978424 1902357660
1
sift 257
58 242
167 437
71 239
90 284
135 393
174 385
278 663
115 327
295 617
166 373
208 443
435 370
622 963
175 400
149 405
183 444
221 432
181 488
388 685
380 711
499 784
669 1277
1038 2634
614 1249
1053 1285
409 645
1218 1434
132 335
394 654
1110 1873
1241 1839
916 1581
282 714
546 893
481 900
846 1773
569 1126
807 1493
1205 2469
1427 1893
747 1015
328 766
1860 2147
2016 2521
1161 1973
519 829
2001 3654
324 532
634 830
250 510
881 1867
1211 1769
1074 1734
204 452
2445 2084
1371 3217
3365 2629
975 1603
196 420
682 1016
259 479
754 1195
1151 1510
1124 1712
267 493
2070 3102
1607 1820
865 1536
1537 1933
193 471
276 527
971 1442
501 696
212 466
452 692
1010 1805
618 1100
1018 1367
1382 1549
1542 2257
354 562
1980 2882
1771 3583
1283 2110
3820 18530
260 508
2215 2090
18271 17898
1054 1831
783 2279
202 473
341 597
391 560
2806 17982
2859 3147
234 539
995 1399
1196 1290
331 650
1871 2027
549 876
1828 17824
5144 5348
1665 1958
1030 1664
1472 1620
3410 18075
2286 2369
1505 2035
461 686
4514 19128
1188 1680
781 1334
257 637
1440 1822
900 1397
1094 1628
2179 2549
1292 2610
350 529
1228 1498
3701 18394
952 1537
744 1101
1648 2662
443 576
3554 2890
289 564
779 1125
3980 18260
1721 2901
1536 1811
599 590
554 850
1112 1295
646 938
565 661
460 791
1774 3359
735 1041
1499 2097
516 799
604 1040
402 644
607 955
3851 18753
472 940
3773 19709
2614 17722
436 936
1720 3372
806 991
1999 2837
2213 2995
2907 4081
19109 19957
1578 1063
3806 17850
3716 2806
1048 2299
2815 3290
2387 1890
2756 2695
2778 3227
553 804
588 1028
1507 3085
4410 18905
2219 3278
1255 1358
416 751
527 709
576 755
611 885
469 651
5711 6152
905 1145
2962 17734
2554 2545
484 618
605 951
506 701
684 828
532 736
4813 2799
498 949
544 658
2951 3044
491 747
589 717
473 722
542 777
2139 3235
3187 18704
457 613
2091 1270
786 1121
2241 2935
4308 18165
530 801
719 942
18477 3415
4065 4763
2981 5302
3150 2624
2138 2139
3795 3725
3222 2665
1115 1045
853 790
495 600
572 1035
3386 18312
4575 2879
665 894
515 800
631 1110
819 957
1234 1189
1732 2379
1722 2329
2734 2844
3160 17807
944 1573
3541 3701
2850 3224
2797 17796
3112 3236
848 1076
981 1236
18776 19632
1669 1997
1958 2680
1979 3233
1117 1533
3958 3370
2143 2524
2960 17937
1220 1245
835 1197
18282 19652
2346 3630
3216 3013
2372 3063
1272 1482
1824 2098
761 1037
3719 18001
4609 4305
18727 18004
3969 18219
4298 17773
2048 2960
2910 17957
4139 19874
3273 3273
4230 5520
1267978424 1973385072
1
sift 111
7270 11414
135 131
133 119
733 494
174 159
278 287
115 114
166 144
666 541
200 153
663 1034
207 157
140 146
622 396
175 151
148 135
263 218
241 197
1290 1162
262 192
181 163
889 1209
183 188
344 389
388 304
405 356
221 175
485 623
802 1013
280 168
327 263
696 724
476 353
811 1369
409 515
195 164
597 739
1218 1463
610 793
916 1051
394 326
132 124
282 324
1469 1974
172 142
807 1265
387 348
569 918
1071 1625
1494 2037
250 219
204 208
238 228
363 276
1977 2455
196 177
442 320
193 207
338 308
337 265
354 288
796 1389
202 191
341 277
1553 2259
549 459
260 284
234 255
2270 2950
591 428
2285 2554
315 313
1806 1688
3980 4403
1560 2716
413 333
839 884
672 995
707 613
1721 3233
529 765
1841 4084
554 430
436 404
3970 3649
779 952
2349 2685
599 490
587 464
607 828
1489 947
1652 3337
483 406
1005 2291
685 487
403 479
1048 3414
652 748
1032 1692
605 762
553 588
924 734
506 536
2985 2666
19965 4995
2368 2121
1888 3126
705 1063
1982 3534
848 813
19562 4600
1283547991 1902357660
1
sift 116
39 242
78 437
180 617
479 1454
112 1698
230 654
1086 1839
889 2469
773 1973
172 515
857 1495
518 1124
537 1582
164 519
1691 2629
875 1770
505 1195
181 563
645 1805
812 3583
166 452
1303 1932
418 2124
414 1100
18347 18375
203 556
159 466
366 696
200 560
847 2111
819 1290
128 473
157 508
301 876
1077 17824
7578 11208
1922 2752
952 1696
1538 2436
1222 17795
2475 3379
1112 1982
365 653
173 538
2172 2632
788 1719
672 2175
982 1664
1715 2604
541 1182
144 564
636 1669
186 574
18539 4706
18416 19276
507 1009
811 2231
318 807
1180 3046
2347 3144
2423 3327
657 1273
3518 17881
252 559
1380 18792
1195 3190
333 676
652 979
2289 5302
2548 17790
314 737
246 700
1732 2218
2215 3673
4344 2799
4186 5278
2336 3085
411 828
433 952
810 2262
1058 2989
18588 4363
19432 6304
2729 4719
501 803
929 1596
380 777
2319 1887
18880 19982
3700 18084
1044 1682
4242 5100
1227 3155
429 874
1584 3131
3896 3229
606 894
371 919
18731 18975
3070 3233
18501 19142
2704 18922
943 1162
19398 3612
2844 2823
18652 19928
2060 2741
18744 18870
2813 17950
404 1032
2481 1500
1523 1456
2565 1765
1352 1465
4018 19229
18834 18438
1283547991 1973385072
1
sift 115
7457 7447
39 90
67 131
98 159
180 206
56 114
358 1034
87 145
90 152
93 135
218 304
183 218
111 163
103 186
413 1051
234 357
307 403
193 192
1025 1223
151 197
145 174
125 188
377 1038
179 234
804 1715
287 515
841 2307
538 913
230 326
361 912
64 123
262 263
584 1265
548 726
231 348
798 2556
114 142
1134 2092
379 837
1303 1393
513 1870
172 271
142 172
477 1877
535 1470
163 235
487 449
124 198
181 243
195 219
486 1334
1346 3899
666 2712
233 276
461 1657
166 208
203 265
914 3059
301 459
159 202
392 634
128 191
366 362
1877 2259
1359 1337
157 284
2274 2496
586 1997
248 333
173 254
636 1074
390 995
170 317
781 884
363 765
350 572
186 406
306 648
255 539
427 828
465 445
318 460
1110 2867
420 478
2067 3233
507 551
2111 4432
1953 3147
754 1933
972 2062
776 1461
3657 4053
333 451
1224 3976
254 528
242 500
237 395
601 748
3378 2666
570 836
221 505
2350 2126
898 734
1357 3126
637 813
1440 1637
432 1543
428 936
370 892
929 2474
1670 904
1403 850
557 1417
1733 1164
7936 18751
1343711204 1636178893
1
sift 60
195 210
5498 19705
74 76
5017 3167
1393 1268
350 450
53 58
1153 1214
135 92
85 46
404 103
42 45
91 156
683 712
206 145
47 56
102 60
261 143
96 84
499 94
188 91
185 119
225 249
263 153
133 106
957 2391
792 412
132 329
162 97
226 266
898 408
1009 1857
394 174
289 193
180 112
167 102
214 482
491 133
268 279
312 209
182 262
758 350
334 658
629 680
161 380
257 655
1707 1240
1284 547
651 617
644 519
1075 533
706 631
809 564
1861 745
1480 2525
1031 1469
1109 509
1588 1662
3727 3667
3888 3171
1343711204 1699946431
1
sift 59
351 115
281 128
66 44
893 256
445 168
101 50
160 79
654 276
827 170
702 146
200 89
396 51
783 375
994 487
839 229
372 99
899 410
1446 645
1409 523
1368 427
663 414
968 304
597 184
4872 666
1026 394
1128 303
3282 869
180 105
2972 422
277 240
5793 1606
394 211
167 85
457 155
972 459
4120 2011
1123 646
982 408
3460 984
3023 506
936 1215
977 776
757 436
3682 1318
685 194
3173 734
563 453
2079 810
3976 1437
154 96
2543 818
1682 803
1277 1280
1851 2253
1934 1337
1760 1244
4520 2260
5113 2174
19733 13202
1343711204 2143805328
1
sift 242
437 341
64 115
4613 7668
351 276
801 300
53 85
49 95
893 1111
735 832
292 223
1673 2290
169 487
973 966
656 1180
370 307
777 370
3218 3539
42 73
639 440
48 80
69 159
423 360
786 887
185 1128
377 136
741 518
244 340
132 242
1125 229
171 754
513 317
72 92
390 199
884 1101
56 69
114 107
67 105
352 451
163 150
92 191
110 155
982 512
159 201
118 373
1123 545
977 783
121 179
1368 731
183 683
403 392
137 157
1209 583
383 335
284 274
1310 648
2295 2059
214 618
187 140
60 68
368 2349
209 367
334 861
2073 1400
320 1262
221 188
143 165
541 562
592 346
161 598
154 151
419 239
641 1375
82 132
577 795
1376 1307
87 96
949 2175
651 2922
207 167
138 169
1684 2142
605 655
294 163
896 686
1668 2755
1666 2158
151 145
266 162
1584 1123
439 1164
116 205
874 1056
508 334
1138 1820
2893 1649
1451 2251
130 214
1323 2252
104 139
164 196
399 541
682 420
1219 2593
2023 1670
876 693
612 863
1089 1316
594 478
378 517
1728 1707
1768 2003
534 232
77 78
1913 2850
1133 936
267 348
106 120
707 322
627 329
252 323
1563 1328
270 411
233 131
3366 3807
722 998
1574 1257
1417 694
883 958
4222 3582
1003 928
237 184
1207 2045
748 983
724 589
374 482
1660 2453
3681 4384
530 351
3399 3794
1348 699
2650 2043
802 303
825 570
2675 1864
2490 2870
3325 2404
2909 1735
3500 2734
964 1442
338 138
245 349
3153 1303
667 723
1324 841
2419 1927
542 280
19311 4875
841 613
1659 625
1092 1161
1079 1716
3554 2387
300 230
637 603
1518 1816
228 216
306 588
3241 1650
720 1224
1014 876
495 311
1591 1315
963 493
1559 1778
510 730
1227 833
679 1003
1090 900
318 171
2943 4871
173 174
354 293
2670 1943
2031 1153
729 507
319 400
849 883
533 443
2310 812
220 192
1413 574
1070 576
2529 886
705 500
1281 608
618 442
1836 1673
2769 1925
1269 802
575 251
413 273
604 513
589 834
411 328
900 1304
609 1492
2730 1869
1527 708
2058 2079
552 393
2606 1564
18953 2426
940 315
19725 2222
797 1052
1110 721
19134 2787
2782 1424
1425 938
610 616
3256 1398
1322 979
2221 2006
1083 867
19191 2502
2012 1737
19628 2414
1566 2486
960 1013
19218 2838
3388 3263
1144 875
2569 2420
3446 1356
1916 744
1434 1188
2139 2682
19395 2226
1573 1561
927 577
1201 1121
3386 1202
1575179853 1902357660
1
sift 200
115 437
93 393
63 284
1253 1546
82 354
123 443
464 963
252 617
106 373
988 3458
605 1079
110 399
1930 1481
176 533
95 495
1351 1771
102 405
129 489
856 939
160 432
194 537
472 900
289 760
286 685
198 515
645 1277
465 784
3071 2301
967 1351
637 1249
1450 2303
919 1522
321 645
1155 1258
98 416
1016 1581
121 420
300 654
756 1362
623 1016
92 360
1129 1410
1078 1156
375 893
1043 1849
225 563
664 950
1183 1405
127 466
709 1422
1701 1782
142 471
678 965
1240 1449
2273 2058
2572 2521
185 532
1440 1499
311 829
180 470
2131 2257
2996 2641
354 830
2376 2081
1625 1413
135 452
1455 1805
1145 1734
1193 1252
147 473
148 479
821 1195
212 508
1018 1367
244 596
1177 1399
1400 1442
197 493
1532 2110
303 692
168 562
262 560
2804 2987
173 528
285 669
1867 1549
3555 19243
1084 1371
264 597
823 1440
1737 1822
2484 2783
533 876
764 1296
906 1288
3095 18075
228 564
222 542
1010 1397
2002 2527
256 650
188 638
357 590
268 578
739 1125
584 782
209 529
2644 2701
525 778
915 1334
1825 1965
4723 19956
657 1008
316 661
1840 1627
2481 2127
1643 1995
278 559
2009 2115
694 850
468 676
1690 2932
277 644
955 1063
389 879
865 847
261 652
621 1042
855 955
419 722
711 1038
411 796
294 701
410 716
628 1053
400 680
901 991
522 794
387 660
745 1075
2354 2215
3217 2165
674 817
715 1122
2414 3131
324 843
2067 2419
3121 2706
1291 1273
2098 17846
2259 2046
473 848
3227 3019
840 1219
1793 1890
380 949
775 1306
474 1012
668 804
488 828
307 709
507 755
726 1046
1607 1658
3038 2114
940 951
1434 1596
635 999
503 777
1420 1748
2148 2071
731 801
343 608
1271 1068
566 894
1217 1484
875 874
846 1027
1160 1239
3773 3995
1365 1269
372 800
3154 2816
573 1035
3603 3415
259 600
690 867
557 647
1037 806
965 898
551 872
1514 1574
1674 1997
1214 1663
3790 2221
3976 3761
1090 931
1298 1848
2157 3063
975 786
1575179853 1973385072
1
sift 90
464 396
93 131
252 206
198 271
233 287
605 541
165 228
122 157
96 146
121 177
111 151
163 218
283 286
130 163
299 356
249 309
289 389
101 134
142 207
286 304
194 168
212 284
970 1209
291 452
334 375
424 559
258 353
468 451
719 623
160 175
387 667
321 515
1016 1051
430 1304
710 726
580 739
2125 2674
1066 1422
1695 1498
302 418
231 324
300 326
836 1329
1305 1229
1423 1492
2191 2157
977 1313
242 267
1018 1149
180 195
342 376
1588 1836
2549 2124
135 208
1672 2571
1611 1663
2091 2172
2043 2244
173 237
2776 2491
158 224
1931 2259
1338 1389
533 459
3992 4440
417 333
891 884
921 1069
2286 1869
739 952
837 995
806 601
1870 4084
411 594
513 458
658 551
865 478
747 399
394 479
711 1826
940 762
668 588
4185 3175
750 1801
804 795
1401 1353
1434 2474
1005 1543
1365 2304
2089 2005
1636178893 1884136924
1
sift 112
68 63
318 246
38 43
42 45
83 141
46 49
58 88
174 390
79 83
43 44
308 517
95 104
61 73
1531 3003
69 139
145 137
1326 2201
109 112
119 117
115 123
100 138
5635 8636
1079 1743
1356 979
120 147
311 441
91 103
90 79
67 65
715 1071
1094 783
52 58
325 361
106 114
96 119
253 214
151 158
836 1746
211 231
473 364
133 125
55 60
209 172
292 539
696 709
132 106
81 91
301 153
354 435
169 194
116 124
341 531
442 380
384 331
409 600
499 907
117 110
399 365
1153 1076
212 218
310 1165
201 222
537 402
312 180
261 552
595 251
190 219
527 850
306 368
672 388
192 209
970 573
63 66
523 423
528 590
914 734
186 130
706 689
265 263
613 890
723 430
1389 2014
608 468
257 175
573 437
979 595
1720 2665
258 407
291 249
509 878
858 1261
618 1035
806 393
251 493
627 241
1265 1082
1790 1135
1148 1624
1682 2260
382 440
757 448
639 392
1077 1151
741 543
2359 2708
2517 1879
1743 2649
640 18660
2021 3546
882 1369
1259 2904
2093 3755
1636178893 1973385072
1
sift 52
5717 5219
3373 1240
3448 5732
2929 5689
2924 5046
5891 5010
5489 5421
2476 4736
2274 4952
2899 6122
4028 5270
6086 6948
4701 5790
2237 5178
2245 4873
2977 5456
3070 5442
2732 5334
2250 6078
3205 5596
4284 5691
3079 5773
2292 4921
3642 5506
3777 5302
2571 5825
3275 5569
4430 6689
2955 5560
2579 5516
5424 6852
3838 5093
5392 6713
4132 5212
5200 6199
4009 6031
6188 6656
5451 5581
3975 6212
2065 5117
5123 7497
7513 8677
3971 6215
2920 5436
4696 8197
4977 6787
5911 7626
2433 4936
2897 5200
3800 5065
4112 6203
3114 8739
1639673241 1755604848
1
sift 280
76 104
2 5
4041 6150
26 57
245 1018
135 189
158 146
1101 1312
41 55
329 528
251 532
1117 2679
346 909
1493 2227
303 206
274 261
650 670
477 897
492 565
635 1137
534 674
185 235
4227 6182
216 260
65 106
375 656
996 931
163 226
517 658
807 2543
252 461
189 281
389 705
483 605
906 1612
1784 1751
5552 2570
728 945
258 275
187 289
368 359
587 1227
1445 1987
1111 1782
660 1015
567 420
846 2213
645 1697
954 2207
861 1256
200 380
2216 2599
425 321
1257 1677
747 1513
1211 778
610 832
486 522
250 408
317 564
491 769
1842 3917
353 839
991 1112
947 1781
1024 1474
1804 1818
688 1138
419 657
114 114
649 1540
269 345
439 1447
1272 2062
151 143
887 1277
654 1113
327 712
816 749
1881 1696
493 717
588 553
149 410
1716 2800
461 672
1796 2915
2798 3233
672 1832
1605 2615
1053 577
992 1799
809 1911
175 313
1189 543
1350 2212
2868 2365
2317 2610
522 483
719 1287
1309 2619
287 538
680 1313
586 984
985 1119
345 1835
444 873
894 2412
696 865
267 390
1014 3012
119 171
456 436
1184 2250
3346 3534
933 1526
309 452
904 2191
948 1936
3475 3325
925 1945
231 484
2272 2245
752 654
1417 874
1354 4251
297 310
551 844
73 89
1095 2589
2472 3444
2060 4226
571 1332
264 276
901 1219
1104 559
4932 3969
1022 1674
766 1103
443 578
760 617
1292 1520
472 412
526 1644
2035 2856
2738 3782
908 953
1473 1744
923 442
275 291
217 545
2099 4264
1025 2918
401 308
1298 843
733 1110
2655 1556
388 286
1371 2085
942 637
791 593
1297 1827
1541 2115
1300 1964
1683 881
1013 696
455 1034
969 507
1510 2463
945 1043
922 1635
1156 994
1399 1601
1949 1291
2983 4623
2263 2323
405 486
3045 2423
959 963
1067 889
255 205
740 610
566 655
1177 835
1317 1133
1797 2782
788 477
880 1376
226 298
705 451
1389 1686
2898 2552
1690 1879
286 426
1422 645
1688 1941
2241 1647
858 551
637 745
883 923
283 199
651 907
900 676
280 144
2165 1947
2271 1825
670 776
2082 2043
2917 1247
1169 332
989 767
235 328
621 207
589 271
2289 2003
1410 2197
4517 4765
2502 2492
546 878
855 464
424 602
2943 2899
3954 3065
1046 397
1885 2375
909 2027
607 858
2497 1794
1450 1577
4070 4824
1144 1179
1807 1369
523 414
709 713
3028 3733
704 1954
2430 1208
1766 3835
1273 607
3648 2794
3032 3305
1568 741
929 1036
616 365
3024 3278
1079 765
1496 1411
793 751
808 971
1390 1330
2001 1615
1944 775
293 1293
815 586
1366 691
2117 1535
488 203
1197 2369
2080 1596
2414 2301
1074 1664
1973 9087
1270 969
2215 1822
2033 988
2719 1865
121 126
2234 1709
1647 1231
2758 2039
1304 1521
18837 3925
999 939
2716 1746
2106 1631
133 127
1020 1052
2924 1931
1577 1253
349 288
2675 1715
1639673241 2084780713
1
sift 66
184 126
124 207
158 162
509 762
161 138
477 875
2726 1367
325 367
78 87
351 351
216 174
442 653
268 570
7325 5004
375 515
232 313
181 170
65 95
640 1058
189 266
609 749
258 218
604 1718
655 1436
983 874
3963 6218
269 212
2203 2511
284 185
317 496
151 206
1217 2471
271 253
1580 2328
575 542
583 612
1799 1536
2671 3477
231 241
456 660
217 348
472 309
1087 2102
2065 2361
786 1835
693 1229
566 337
2250 1576
733 2416
799 771
174 156
2937 5331
227 1009
670 1399
1283 2537
1941 1185
420 407
1509 1922
1382 1375
1663 418
7456 2924
1761 1851
10071 5391
5957 1868
18789 11625
1791 692
