1699946431 2143805328
1
sift 62
22 29
115 276
768 481
331 832
256 1111
419 1212
93 249
62 527
535 2779
207 653
154 307
178 885
209 441
166 664
109 542
239 1026
192 1567
427 731
121 487
1345 1461
1046 1924
106 947
645 1486
445 585
463 448
225 326
1057 2466
74 296
347 2185
925 1857
615 1142
407 511
1243 2055
97 106
468 865
205 241
409 550
626 1100
339 515
809 569
1310 827
415 382
96 151
678 738
532 546
562 915
461 837
254 306
284 540
479 304
1811 1233
548 292
892 2129
821 402
779 1105
1837 3443
814 1777
1574 816
1652 1333
374 642
1132 494
2431 1661
1702428709 1938578414
1
sift 131
42 30
6500 1689
14 10
43 42
976 624
41 29
17505 4065
67 62
269 175
80 66
106 103
342 308
144 144
107 83
138 111
139 130
97 100
62 56
64 73
121 97
79 75
96 101
124 110
91 96
125 112
70 67
86 90
53 50
105 104
7814 3056
151 128
149 134
219 187
73 79
321 250
182 146
154 120
592 368
979 290
100 89
195 152
320 287
216 183
607 534
427 314
397 226
193 164
656 531
604 269
327 197
313 1240
103 93
687 295
282 199
8275 2123
763 670
4267 1680
117 106
511 610
150 117
980 354
849 568
944 436
357 267
366 265
318 202
640 637
128 99
838 512
355 575
716 464
1258 558
3683 623
1914 685
1508 1086
1049 619
785 317
1290 1575
666 501
1276 1307
6642 3700
7772 5389
643 485
898 1192
247 156
155 116
1730 626
277 229
1188 1348
936 933
710 547
1501 3132
4903 812
1354 1704
2479 846
165 141
1147 1068
784 1382
3221 697
669 1220
638 744
4570 1511
555 780
1548 1735
400 696
779 758
987 700
940 942
692 721
1777 1081
2438 1867
4938 1121
673 704
3603 2823
1406 1026
1824 1231
4378 4295
1104 1822
706 689
1627 1332
10989 8593
2306 2133
7819 4129
1118 695
1976 3339
3516 7126
1030 1789
19274 8006
5509 4905
4192 1717
5942 3253
1755604848 1884136924
1
sift 69
61 30
492 250
662 561
572 320
300 191
182 49
114 43
1697 510
452 104
121 54
3127 4874
872 147
670 137
241 79
171 51
1540 938
325 2747
190 96
2672 1757
543 972
920 329
634 374
458 1496
1850 1610
155 156
130 71
708 742
746 1343
276 187
1011 819
720 601
649 171
178 86
3566 530
150 93
836 1267
1457 427
432 162
144 143
727 3087
199 234
3644 1424
2165 388
1053 333
3141 808
3220 425
905 740
1291 2186
298 500
549 1040
659 482
329 520
1678 1968
263 490
563 1251
585 1727
453 405
1420 2076
1136 1987
437 301
703 363
2025 4497
397 451
457 326
1898 398
1380 2948
2786 5952
628 2232
414 875
1755604848 2084780713
1
sift 68
21 24
122 109
22 29
13039 9698
146 162
1135 1248
268 172
2963 3186
256 300
6514 12349
444 470
13252 5041
160 100
4939 7522
206 163
197 171
10740 7721
221 107
469 717
9838 11593
364 390
579 564
293 261
1771 1262
254 321
132 90
378 517
350 318
106 95
356 450
129 104
1210 1836
214 278
535 752
471 356
1388 1366
450 290
5279 11915
1906 892
339 453
1580 1536
1347 1218
390 308
865 606
2803 961
667 536
310 732
484 241
412 309
1674 1144
930 325
1520 2353
1179 442
1424 3162
3558 1466
63 60
3998 2508
4623 3391
776 1399
1036 416
685 995
3996 1893
242 296
1534 863
5237 5516
6229 10648
2073 7103
213 198
1902357660 1973385072
1
sift 97
7943 2535
393 131
1106 625
16123 12979
1078 494
617 206
327 114
443 158
444 125
1079 541
962 397
400 151
467 200
3458 1034
1230 975
431 174
1481 1576
760 389
645 515
1771 2601
1873 2058
654 326
1707 1498
335 124
1327 780
1160 793
1278 623
3500 2504
2621 2916
1581 1051
1453 1205
1973 1513
1621 1548
515 271
3232 1884
470 195
1367 1149
1381 1755
1100 372
452 208
420 177
519 236
2434 3360
901 518
563 243
2057 2612
766 455
556 265
528 237
562 288
471 207
473 191
1762 1516
876 459
696 362
507 283
3198 2095
538 254
546 325
2430 2765
18260 4403
529 1025
1296 966
590 490
778 648
1009 551
2308 1869
936 404
574 406
879 513
955 828
2170 1069
796 594
807 460
2818 2730
2901 3233
1062 709
17846 3562
1633 2062
594 528
701 536
675 450
2515 1047
618 544
951 762
804 588
3263 3254
5559 2476
2299 3414
918 743
1596 2474
1269 2304
806 2484
874 935
831 795
1412 1163
1307 1096
1938578414 2143805328
1
sift 53
4177 3581
714 281
268 134
786 1211
464 885
986 1739
1271 604
1195 1731
556 285
438 222
858 360
564 1275
933 1585
320 543
1101 663
1861 1260
1245 1041
852 298
778 585
773 849
1875 2053
141 62
941 545
862 422
390 151
2823 2119
1471 660
2267 1158
750 399
815 697
1363 729
934 624
721 490
738 746
460 499
856 145
1820 2685
981 929
1805 1105
1440 1025
657 195
1183 920
1332 841
689 720
3281 2051
1789 671
737 171
1619 1017
1653 595
1288 904
1765 1699
1008 1032
2959 1717
