47467727 149885054 214244196 518996619 541324800 545453080 638335635 660098527 673943242 706171595 717024809 811006544 821583700 1001553481 1019912919 1022682392 1037766083 1041322491 1060096640 1269743005 1456096126 1467085765 1527843023 1560609777 1711426389 1762278700 1785119642 1821028232 1821719250 1944779128 2116815287
149885054 214244196 518996619 541324800 545453080 638335635 660098527 673943242 706171595 717024809 811006544 821583700 1001553481 1019912919 1022682392 1037766083 1041322491 1060096640 1269743005 1456096126 1467085765 1527843023 1560609777 1711426389 1762278700 1785119642 1821028232 1821719250 1944779128 2116815287
214244196 518996619 541324800 545453080 638335635 660098527 673943242 706171595 717024809 811006544 821583700 1001553481 1019912919 1022682392 1037766083 1041322491 1060096640 1269743005 1456096126 1467085765 1527843023 1560609777 1711426389 1762278700 1785119642 1821028232 1821719250 1944779128 2116815287
518996619 541324800 545453080 638335635 660098527 673943242 706171595 717024809 811006544 821583700 1001553481 1019912919 1022682392 1037766083 1041322491 1060096640 1269743005 1456096126 1467085765 1527843023 1560609777 1711426389 1762278700 1785119642 1821028232 1821719250 1944779128 2116815287
541324800 545453080 638335635 660098527 673943242 706171595 717024809 811006544 821583700 1001553481 1019912919 1022682392 1037766083 1041322491 1060096640 1269743005 1456096126 1467085765 1527843023 1560609777 1711426389 1762278700 1785119642 1821028232 1821719250 1944779128 2116815287
545453080 638335635 660098527 673943242 706171595 717024809 811006544 821583700 1001553481 1019912919 1022682392 1037766083 1041322491 1060096640 1269743005 1456096126 1467085765 1527843023 1560609777 1711426389 1762278700 1785119642 1821028232 1821719250 1944779128 2116815287
638335635 660098527 673943242 706171595 717024809 811006544 821583700 1001553481 1019912919 1022682392 1037766083 1041322491 1060096640 1269743005 1456096126 1467085765 1527843023 1560609777 1711426389 1762278700 1785119642 1821028232 1821719250 1944779128 2116815287
660098527 673943242 706171595 717024809 811006544 821583700 1001553481 1019912919 1022682392 1037766083 1041322491 1060096640 1269743005 1456096126 1467085765 1527843023 1560609777 1711426389 1762278700 1785119642 1821028232 1821719250 1944779128 2116815287
673943242 706171595 717024809 811006544 821583700 1001553481 1019912919 1022682392 1037766083 1041322491 1060096640 1269743005 1456096126 1467085765 1527843023 1560609777 1711426389 1762278700 1785119642 1821028232 1821719250 1944779128 2116815287
706171595 717024809 811006544 821583700 1001553481 1019912919 1022682392 1037766083 1041322491 1060096640 1269743005 1456096126 1467085765 1527843023 1560609777 1711426389 1762278700 1785119642 1821028232 1821719250 1944779128 2116815287
717024809 811006544 821583700 1001553481 1019912919 1022682392 1037766083 1041322491 1060096640 1269743005 1456096126 1467085765 1527843023 1560609777 1711426389 1762278700 1785119642 1821028232 1821719250 1944779128 2116815287
811006544 821583700 1001553481 1019912919 1022682392 1037766083 1041322491 1060096640 1269743005 1456096126 1467085765 1527843023 1560609777 1711426389 1762278700 1785119642 1821028232 1821719250 1944779128 2116815287
821583700 1001553481 1019912919 1022682392 1037766083 1041322491 1060096640 1269743005 1456096126 1467085765 1527843023 1560609777 1711426389 1762278700 1785119642 1821028232 1821719250 1944779128 2116815287
1001553481 1019912919 1022682392 1037766083 1041322491 1060096640 1269743005 1456096126 1467085765 1527843023 1560609777 1711426389 1762278700 1785119642 1821028232 1821719250 1944779128 2116815287
1019912919 1022682392 1037766083 1041322491 1060096640 1269743005 1456096126 1467085765 1527843023 1560609777 1711426389 1762278700 1785119642 1821028232 1821719250 1944779128 2116815287
1022682392 1037766083 1041322491 1060096640 1269743005 1456096126 1467085765 1527843023 1560609777 1711426389 1762278700 1785119642 1821028232 1821719250 1944779128 2116815287
1037766083 1041322491 1060096640 1269743005 1456096126 1467085765 1527843023 1560609777 1711426389 1762278700 1785119642 1821028232 1821719250 1944779128 2116815287
1041322491 1060096640 1269743005 1456096126 1467085765 1527843023 1560609777 1711426389 1762278700 1785119642 1821028232 1821719250 1944779128 2116815287
1060096640 1269743005 1456096126 1467085765 1527843023 1560609777 1711426389 1762278700 1785119642 1821028232 1821719250 1944779128 2116815287
1269743005 1456096126 1467085765 1527843023 1560609777 1711426389 1762278700 1785119642 1821028232 1821719250 1944779128 2116815287
1456096126 1467085765 1527843023 1560609777 1711426389 1762278700 1785119642 1821028232 1821719250 1944779128 2116815287
1467085765 1527843023 1560609777 1711426389 1762278700 1785119642 1821028232 1821719250 1944779128 2116815287
1527843023 1560609777 1711426389 1762278700 1785119642 1821028232 1821719250 1944779128 2116815287
1560609777 1711426389 1762278700 1785119642 1821028232 1821719250 1944779128 2116815287
1711426389 1762278700 1785119642 1821028232 1821719250 1944779128 2116815287
1762278700 1785119642 1821028232 1821719250 1944779128 2116815287
1785119642 1821028232 1821719250 1944779128 2116815287
1821028232 1821719250 1944779128 2116815287
1821719250 1944779128 2116815287
1944779128 2116815287
