71636616 115008507 317013107 469210130 507164790 667214609 766438320 918342931 1051025362 1225063957 1255900576 1782773850 2029785837
115008507 317013107 469210130 507164790 667214609 766438320 918342931 1051025362 1225063957 1255900576 1782773850 2029785837
317013107 469210130 507164790 667214609 766438320 918342931 1051025362 1225063957 1255900576 1782773850 2029785837
469210130 507164790 667214609 766438320 918342931 1051025362 1225063957 1255900576 1782773850 2029785837
507164790 667214609 766438320 918342931 1051025362 1225063957 1255900576 1782773850 2029785837
667214609 766438320 918342931 1051025362 1225063957 1255900576 1782773850 2029785837
766438320 918342931 1051025362 1225063957 1255900576 1782773850 2029785837
918342931 1051025362 1225063957 1255900576 1782773850 2029785837
1051025362 1225063957 1255900576 1782773850 2029785837
1225063957 1255900576 1782773850 2029785837
1255900576 1782773850 2029785837
1782773850 2029785837
