1467085765 1527843023
1
sift 1667
47 50
16 17
181 248
10 9
264 289
46 59
83 101
18 19
256 243
14 18
557 1035
9 10
150 145
23 29
826 857
64 72
370 466
214 220
699 603
75 99
715 1000
79 107
1657 1879
67 84
137 116
99 150
1415 1807
2451 1443
606 761
98 119
1661 1518
85 125
879 1046
92 121
4001 4772
42 57
805 1006
44 58
1561 1844
147 167
493 436
80 79
1913 2461
303 217
643 741
27 34
1527 2176
114 128
1855 2494
252 305
5283 4808
74 74
605 819
4232 3474
1679 2296
1190 858
191 201
71 61
1247 1451
982 1030
1832 2284
5132 4391
10799 12192
405 483
2403 2671
5127 4664
2138 2491
144 146
337 433
130 83
2461 2480
86 135
1304 1653
111 170
3134 4927
242 280
743 996
87 70
6108 4521
96 102
2079 2206
6472 4812
979 1217
583 609
3061 3438
70 100
455 482
91 113
3356 2836
5082 3867
2465 4150
69 97
4782 3658
101 133
1144 1644
59 111
1736 2072
78 106
4577 3456
35 35
2136 2864
309 325
5379 5962
226 266
289 824
233 257
2021 2502
127 134
172 166
250 273
2586 2533
3235 2579
4087 3863
155 180
7602 5117
490 551
8607 5213
7458 5128
1434 1716
196 259
977 1265
135 140
5555 4515
119 181
4323 4518
188 205
1886 2346
373 323
5894 5080
1365 1414
3107 3787
425 456
725 1558
472 514
4439 4637
305 321
7895 6240
228 250
5643 6771
211 247
4732 4480
121 143
1115 1431
464 639
6921 6929
8015 4289
2433 3609
321 428
3854 4476
404 434
5951 4810
157 188
3255 3154
133 177
2397 2791
307 361
1207 2105
267 306
6758 6882
180 224
3533 3472
758 1025
881 1225
570 904
5674 5657
4173 4118
7123 6253
190 260
2991 2617
423 476
3379 3418
1578 1725
872 592
509 543
2577 2780
184 237
4177 4303
174 232
4753 4920
52 41
5496 5435
164 178
1033 1526
342 362
5202 4755
8226 6318
3614 4444
151 213
4265 4266
291 424
2436 2584
229 219
2932 4345
168 173
4844 3332
347 366
3990 4872
3428 3748
1084 1516
445 544
4480 4076
219 276
5346 5711
1252 1578
3665 3506
310 328
4628 4501
586 1127
3143 4595
202 288
4449 5638
488 553
5489 6261
1827 1741
4861 5427
340 427
7962 7383
176 152
4740 4813
276 316
7294 5786
273 312
3958 4305
278 380
5522 4409
613 877
4962 4155
245 338
2998 5118
411 405
2817 4958
724 912
2770 5316
438 423
3940 3880
300 327
1753 2011
4411 4001
4301 5228
240 360
5233 5188
448 532
6243 7563
286 406
4201 4169
465 541
6506 5791
288 256
6269 5302
507 513
6130 5512
62 104
3480 2761
2797 3567
2486 2959
935 1179
6284 5631
676 792
2288 2141
216 234
5743 5159
205 244
4259 3625
223 236
5116 4235
419 395
5627 5592
871 1066
5237 3588
907 1108
1512 1153
335 386
5446 6308
667 842
4274 5098
159 196
6280 6012
330 393
4105 3849
210 285
5182 5384
1334 1447
511 708
2353 2597
588 633
432 530
508 577
412 440
665 692
864 1008
512 650
200 218
132 182
361 634
1211 1507
3831 2635
646 693
287 335
343 394
1704 1920
548 759
441 659
435 549
625 486
2246 1922
380 460
396 769
333 413
382 502
710 1092
4912 4490
1324 1707
1266 1028
163 233
209 332
1230 1430
2551 2854
336 370
458 258
345 506
1927 1686
440 401
2044 2585
426 496
224 277
2158 2295
376 429
547 627
6098 5132
6616 5554
698 863
4031 3510
1078 1121
577 655
515 718
285 261
739 1031
589 677
328 390
742 893
1529 1722
612 742
912 1136
391 465
1318 1610
3064 2950
562 600
1809 2239
272 346
579 376
1332 969
981 1376
949 1115
551 629
767 661
564 781
1172 1241
7032 6546
1417 1748
734 749
244 319
1566 1886
529 712
797 880
607 848
937 1377
737 1070
649 901
450 411
182 270
398 421
358 447
6582 6247
7190 4939
367 409
789 809
1069 974
1850 1962
277 355
2888 2931
1537 2193
540 968
1206 1561
958 735
601 1110
537 748
541 721
1838 2629
600 856
243 381
134 207
914 1180
572 536
791 780
349 526
708 818
746 898
1554 1755
929 860
995 1218
812 920
413 740
648 1056
2805 2962
145 115
491 616
1393 1369
555 746
776 868
719 1132
707 709
810 1173
304 451
500 567
1131 1529
1186 1164
504 582
416 716
877 998
1102 1338
659 935
1011 1327
615 907
800 1043
1092 1368
1191 2015
447 499
1970 2452
1611 1450
832 971
904 1151
3423 3605
531 690
883 1837
610 680
1370 1671
1707 1521
369 333
552 621
644 773
820 1051
2420 2946
1646 2249
853 972
642 834
528 607
1487 1818
1383 1269
834 1016
1110 1230
496 569
783 1014
353 426
2182 2520
2255 2245
1362 1648
1465 2361
1015 1434
616 957
1319 1811
576 654
641 688
996 1685
364 449
595 675
1430 1502
726 832
478 585
316 450
678 605
730 739
4022 4280
1747 1971
221 290
637 727
846 1220
5296 4564
821 1530
1980 1900
1044 1178
2942 3577
2469 2713
1502 1779
387 540
2270 1989
193 228
409 586
3577 4191
786 1184
470 555
1445 1448
816 961
524 570
1026 1333
833 1140
1562 2096
969 1191
1447 1933
1938 2153
862 1264
801 1182
1879 2456
1533 1929
1812 1898
587 851
1073 1366
865 995
462 713
311 291
1451 1331
2049 2232
3752 3834
104 164
1066 1695
527 574
475 669
1001 1278
857 1371
1466 1466
1134 997
927 919
1054 1103
1083 1321
701 771
955 1010
951 892
1239 1332
1063 1283
1469 1763
829 1032
1016 1396
851 993
1047 1027
2159 2565
1256 3532
2305 2710
2955 3366
525 978
539 734
1170 1150
503 745
1249 1586
1569 1824
2748 2757
427 521
769 895
1723 1354
848 1139
1167 1134
890 1021
1312 1661
5616 4779
934 1256
2151 2424
1625 1872
661 921
1863 2005
4462 4949
1196 1470
1184 1445
8693 7262
917 1213
1932 2194
1544 2210
1325 2236
143 175
558 813
1727 2014
868 1237
947 1523
2291 2395
1261 985
1237 1702
1128 1372
782 1078
778 885
296 408
1017 1433
740 942
813 1471
2884 3746
253 268
1236 1617
867 948
8520 8378
573 726
1371 1804
1642 1915
762 1124
281 437
2236 2958
3573 4187
1082 1381
1910 1276
933 1057
1750 2046
546 950
718 737
338 430
889 1316
1433 1635
1621 2170
814 926
807 1076
3015 3570
1070 1411
1029 1356
581 687
781 909
1274 1340
664 896
1473 1604
3873 3751
1406 1493
7200 5912
924 1207
2121 2265
3128 3055
2485 3102
3157 3336
3155 3414
2107 2181
3967 5018
1050 1425
685 1003
689 1063
1056 1398
5421 6075
1133 1248
1916 1875
1446 1871
2071 2430
3448 3308
2606 2857
1248 1899
2931 3293
2019 2234
593 645
533 644
1137 1419
1119 1125
4579 4921
2787 3394
2157 2021
992 1323
1888 2167
1022 2137
1683 1828
1695 1979
4047 4154
3616 3995
604 649
1746 2352
688 899
1755 2067
1300 1645
1171 1334
6015 5393
2161 3262
1493 1581
1037 802
1179 1659
1215 1465
1639 1890
4459 4262
1556 1839
1882 1949
1357 1701
621 683
1153 1793
802 937
1686 1862
945 1312
1713 1913
2014 1954
2082 2319
1804 2342
2219 2209
1499 1754
1090 1203
893 916
1299 1691
1303 1717
1468 2389
2966 3059
2313 2504
2193 2840
2498 2441
1983 2268
1690 1903
1317 1631
1337 1684
2480 3013
998 1290
691 982
3105 2678
824 1600
985 1071
1288 1506
1444 1646
3052 3783
1509 2229
863 1286
932 925
706 1116
1209 1508
990 1562
2020 1850
1151 1557
1064 1459
956 1007
766 900
1085 1240
2336 3171
1161 1360
3412 4152
1341 1615
10877 10420
520 336
3545 1878
859 1193
3742 3991
2573 2282
1858 2010
1631 2218
1939 1865
2172 2696
2018 2104
2835 3315
7311 7137
1974 2175
5360 5861
2475 3126
1327 1587
1705 1775
284 302
2744 3364
2310 2515
3047 2980
2454 2826
1488 1590
1547 2246
1265 1579
2412 2142
1192 1073
2499 2605
874 1359
1253 1551
2963 3432
2031 2474
1287 1402
2210 2740
2792 3642
2343 3159
594 684
2103 2508
1659 1961
556 979
1450 1797
2134 3135
1027 1413
5664 5987
3891 4326
591 776
5770 5320
3617 3814
4979 4679
3388 4402
1971 2555
2398 2674
4209 2811
2566 2351
1234 1676
2540 3768
5133 4466
5277 3879
8499 8820
828 1039
2400 2156
1986 2469
1478 1317
752 1077
942 1234
1590 1790
1928 2345
2548 3038
2187 2747
1789 2403
1967 2263
4611 3885
3113 3682
3068 2764
1869 1789
3548 3243
1264 1503
7289 7074
2060 2380
966 1512
2472 3745
899 1159
1796 2123
1898 1859
1219 1620
3258 3421
4279 4606
1458 2102
1524 1640
2024 2304
617 474
4684 3799
1497 1918
3997 3949
2258 2463
1861 2061
3757 4126
1194 1491
1706 1980
1031 1362
2844 3379
1091 1270
453 339
1386 1650
2040 2411
1010 1257
2234 2784
3923 4060
2960 3256
3358 3666
1616 1821
2218 2516
1644 1744
1574 2371
1314 1547
482 501
1558 1809
1331 1287
3117 3599
2503 2262
2518 3098
712 884
880 918
2155 2630
2686 3365
2331 2767
2216 2510
2659 2897
1380 1729
2028 2231
1545 1830
2562 3037
1418 1555
3182 3916
1884 2003
2462 2031
971 887
2132 2622
2081 1936
677 922
3477 3898
1000 1461
7235 5165
1847 1860
454 439
3959 3894
2277 2838
3032 3273
1087 1570
1924 1907
1323 1750
2754 3338
1873 2192
3145 4081
2325 3052
1014 2008
1681 1888
2283 1781
1353 1660
2788 2701
1173 1753
4109 4317
1185 1144
2623 3230
2802 3710
2445 2524
3764 5147
5899 6132
1455 3887
4556 4659
670 1105
4819 4900
1960 2470
1739 1238
2846 3992
1693 1895
1504 1401
1135 1912
4042 4592
2068 2009
697 1246
1147 1357
2178 3032
669 966
3587 3830
1719 2044
2047 2000
2598 3561
2532 3795
3771 3640
2419 2535
1572 2017
1996 2462
991 1390
1146 1442
1904 2315
4633 4918
2642 2868
3119 3505
3818 3813
1806 2894
1852 1999
1436 1833
2468 2738
4297 4830
3584 4084
3365 3935
2751 2999
2820 3169
6022 4351
2415 2871
2839 3493
2232 3006
634 617
1786 2333
1656 1847
4254 2479
1169 1364
2342 2694
2043 2490
1687 2511
4945 4694
2439 2343
2423 3042
4080 4103
1745 2243
2512 2601
1667 1595
1127 1112
4084 4292
7483 6675
1472 2278
5746 4701
944 1293
5503 4895
2296 2572
8048 6858
2662 3459
3396 4188
2240 3127
4100 4366
1816 1851
4834 4007
4856 4424
1242 1835
1853 1976
1733 1711
2924 3662
1674 1966
6774 5770
2410 2802
1498 2264
3294 3309
1043 1373
1890 2297
5348 4847
1328 1630
843 1176
4457 4431
1222 1260
6998 5643
1956 2286
948 1038
3836 2307
2300 2720
2094 2997
1792 2195
2140 2290
3319 3562
4720 4511
3310 3697
2247 2368
2395 2606
4189 4210
8423 6753
2724 3078
1532 1808
1577 1968
2481 2705
6720 7322
2005 2168
4131 4216
1009 1550
2322 2496
1517 1662
768 1123
3971 4420
672 806
2435 3589
4926 5105
1217 498
4656 3846
1178 1926
3482 2893
5654 5605
2284 1700
1576 2060
4541 4645
2057 3232
2162 2434
1199 1313
1808 2338
2700 3303
1348 2033
1987 2138
1180 1505
5086 5599
4028 4071
1519 2155
3740 6359
2649 2509
5011 4388
1701 1704
2952 3769
1950 2326
3263 3423
4204 4227
1030 1500
6290 6311
1606 1829
3245 2700
2025 2136
3102 3512
2064 2676
3192 3288
1223 1792
2648 3804
3261 2581
2892 3242
5255 5131
2281 2821
1224 1301
2674 2626
3542 3656
741 1089
4627 4046
2666 2948
3613 3263
1507 1559
2242 2237
765 1668
3817 4834
4241 4180
4392 3822
1765 2226
1934 2288
3360 3565
3547 2620
2366 2675
3114 3511
3268 3750
1364 1432
3948 4962
1002 3043
5400 4549
2508 3124
1979 2350
6691 5129
2902 4109
2261 2790
3608 4014
5575 4947
2065 2873
2359 2732
5475 4434
2223 2805
5061 4973
2177 2752
1437 1395
4967 4179
2764 3496
2002 1632
4618 3967
2054 2313
2822 19997
2393 2567
3184 3297
2500 3137
2848 3494
2890 4621
5210 5285
2306 2779
2706 2621
1122 1585
7404 6767
1737 2291
1407 1548
4388 4461
4447 4531
6058 5483
4694 4195
3812 3902
4698 4462
5808 5207
2299 3647
4050 4368
2148 2530
5253 5225
8930 7603
5080 4576
5093 3915
1595 1739
2017 2007
704 812
3669 4055
3300 3612
1123 1642
2965 4312
4336 4065
2455 1941
2637 3291
2450 2577
1302 1514
1759 2314
2129 2665
3992 3692
4632 5519
3702 3649
4035 4437
3141 3340
1282 1525
5991 5777
5470 3765
2382 2703
5366 5647
5020 5699
2639 3115
1381 1810
2133 2257
2922 3422
2324 2690
3786 3921
4072 3095
3051 3614
997 990
3805 4018
3179 4041
7631 6860
5935 5555
1599 2349
1241 1378
1895 2431
2536 3738
1426 1733
2593 2645
1510 1945
6839 5261
898 976
1369 1883
1817 3088
1660 1813
1627 2134
4348 4164
1402 1736
7797 6262
2114 2339
3507 3732
6148 5392
3251 3176
5219 5291
2206 2654
1308 1683
3375 3617
3546 4532
2370 2725
2580 3180
2782 3521
2660 3500
2785 3440
433 326
4831 4059
3167 2476
5952 4731
1781 2294
1866 3497
7220 7049
3945 4061
1188 1243
5287 5412
2970 3430
7500 7243
1977 1713
1985 2663
3474 4313
4696 5764
2543 2741
4289 4392
2650 2695
4709 5229
4043 4484
5968 6153
4137 4214
3053 3224
2488 3003
8875 7187
2977 3403
3820 3391
2256 3064
2045 2436
5909 5618
3814 3610
6777 6886
6227 5925
2979 4078
2928 3333
6261 5814
2899 3233
2392 2433
2636 3072
7675 6982
1805 2143
3050 2660
6178 4465
4063 4504
2773 3261
668 705
2388 3093
8842 6014
2076 2580
5124 5390
3136 3603
5499 5026
2581 3085
2633 3417
3402 3492
3565 3847
4405 4682
7931 7090
5846 5359
7244 6486
2390 1517
2735 3451
3098 3618
2656 19990
2667 3117
2939 3161
1775 2250
5418 6453
3084 3283
3109 3475
5211 5538
6915 6677
7644 6823
1463 2484
5390 4794
5485 5047
2052 2247
2230 3175
2253 2388
6337 5867
5885 4558
1604 2273
7705 6581
2555 2819
3075 2777
3826 4040
2293 2023
4925 4643
2237 3726
6248 5617
2360 3318
4625 4614
3095 4611
2546 2896
3094 3061
2651 3092
3955 4685
3090 3595
3718 3760
8189 10302
2053 2782
4349 3375
2702 3965
5069 5539
7715 6217
1514 1800
4554 3558
7763 6821
4681 4819
2605 2890
2777 3759
5084 5179
3209 3622
2875 2851
7478 5074
8108 7356
4642 4383
3459 3598
6156 7379
5779 5700
4939 5127
4139 3917
5902 6389
8350 7875
7316 7394
3724 4114
3001 3519
1993 2640
4175 4342
5051 5208
2015 2305
7657 5968
2527 3265
1559 2397
3271 19984
2528 3234
3254 3730
1803 2152
8032 7590
3249 3337
2355 2731
8687 8038
4826 4882
2174 2809
1725 1825
2611 3707
3227 3681
3250 3503
1546 630
3557 3676
4029 2942
2925 2803
4982 6376
2725 2118
3599 4823
5962 6004
5740 4966
7936 6444
2181 2914
7538 5311
1560 1940
4132 5175
6024 5480
2402 3066
3773 3808
2629 2969
2547 3289
3762 3213
4369 5120
6366 6901
3267 4472
4685 5143
6948 6627
9054 7758
2477 2749
4824 4446
6959 6629
2703 2937
3331 5326
3168 3700
4965 5297
6585 6045
1336 987
6466 6371
4096 3636
7030 6374
2263 3053
1991 2526
3273 4741
4390 4079
4128 4468
5192 4334
2893 4382
4168 4428
6754 5949
2185 1784
3798 3832
2640 2981
3024 3360
2904 3316
5548 5313
1680 1840
6238 4796
1940 3197
5151 5224
4860 4298
4419 3925
1289 1399
5599 5467
4427 6372
3850 4632
8543 8440
4067 4234
5482 6501
5748 6047
4928 5089
3277 3416
4686 5283
8470 8445
5081 5193
6420 5488
5576 5663
5699 4502
6432 5301
6572 6294
2746 3292
8697 7342
6209 5006
3544 3634
4597 4009
4944 4769
7781 7440
1628 1386
7690 6421
3588 4284
5791 4903
1749 2215
2784 3566
8562 8771
3028 4267
1099 1409
7013 6339
3118 19993
3031 2150
2314 1932
5908 6957
7182 5693
3782 3631
2620 4209
3160 3185
4805 4851
3127 3716
6172 7292
6354 7757
5171 4692
2900 3724
5403 5134
3410 3919
1495 1499
2122 2573
4676 4821
4954 4700
1571 1592
6606 5876
2545 2711
2459 3803
5187 5598
8209 8821
2829 3546
3154 2030
6731 6238
4009 3470
6007 6193
2267 2357
8539 5379
2426 2618
3780 3663
5756 6892
3259 2677
9181 6641
4711 2253
3754 5133
3229 3753
3766 4319
7421 6633
5269 4167
5240 4552
4453 4058
8457 7894
9953 8251
4582 6199
3185 3371
1385 1817
3048 3220
6189 5997
6327 5437
5389 5322
2714 3346
6644 7208
6928 6235
7659 8262
3915 5096
7498 6626
3437 3535
5837 5453
2120 2311
5873 6883
7299 7673
5914 4203
5032 4587
8342 7211
6786 6521
8778 7393
2873 3575
3526 3461
4567 4668
9389 7095
8398 7021
8027 6519
7126 6839
6650 6538
5373 5464
8436 7474
6966 6930
5811 5630
7846 7490
3299 4517
900 991
6740 5981
5481 6897
11288 15365
6456 6488
5590 4885
5800 5445
6086 6528
6419 6265
3035 3131
4151 4077
1401 1955
6005 6079
4398 4767
7905 5523
5159 4889
2334 3058
9005 7407
5110 5737
5488 5299
1041 1002
5406 4090
4739 3739
3890 4381
5048 6360
6747 5660
4129 5146
7998 6847
7009 7974
5290 5625
6285 6431
6796 6474
4443 4622
2156 1295
7933 7695
6276 5999
6533 7011
5166 3553
6486 5615
4552 4758
5508 6287
8654 7717
2818 2799
2995 3089
9113 7843
5787 5153
5097 4122
1410 1623
3553 4010
7678 6442
7591 7578
8089 5353
7496 7671
5354 5621
8042 4601
8522 7048
7395 8972
6302 5411
5388 6002
1608 2001
4090 5077
4707 4455
4452 2852
5737 5844
6636 7453
2971 4177
7647 7763
5365 5845
7735 7680
6216 6773
5754 3873
9228 8566
4888 3990
8014 7340
3949 4260
7024 7462
6451 6610
6986 7158
5402 5420
6471 5482
9114 8884
2194 1527
9067 5831
7053 5430
3772 4671
8175 6646
6254 6306
4964 5054
1399 1406
7104 8194
8162 7315
8116 6027
7614 6558
6149 6484
8087 7217
6206 6304
8821 7550
9642 8170
5669 7570
8773 7751
9671 7658
9309 7431
8728 9011
6576 6817
7167 5563
2716 3660
9757 7790
7175 7254
8024 6876
3791 4727
4123 2574
7958 6636
6710 7024
7788 6727
7149 6285
8279 7553
2842 3367
2664 2600
6892 6642
5634 6236
8705 6622
2235 3094
7451 7678
6955 7265
2594 3929
6521 6144
8545 8226
3647 5386
7970 6789
8365 7784
5117 8051
5820 7175
1602 2457
7990 6690
5645 6438
4533 5086
5918 6694
9680 8892
7902 6030
6421 6209
8073 6244
5162 6160
5517 5805
8458 6792
1372 1468
4026 3810
7057 5126
6501 4942
7118 6620
8808 6906
5798 5457
5100 4556
1467085765 1821719250
1
sift 671
15 20
0 0
47 82
45 58
63 83
14 18
274 333
9 13
256 243
10 19
37 74
25 34
239 240
79 85
225 185
67 76
83 104
24 67
705 833
85 159
183 132
42 64
152 292
92 136
826 1226
114 150
255 245
74 124
4766 2755
87 53
186 254
5127 3942
1012 1167
111 179
1657 1983
78 95
217 205
91 98
875 788
70 94
2138 2015
69 102
1913 2713
226 287
1561 1788
583 729
643 680
250 381
1246 1006
207 154
827 1327
212 279
620 1140
490 731
369 555
121 138
2461 2311
133 151
337 353
9970 6570
346 569
306 231
5104 3939
373 581
1486 1505
417 425
143 271
267 415
4134 4554
3428 3538
979 984
52 63
3566 3348
164 186
290 639
509 760
455 389
342 405
1620 1458
892 672
1736 1799
8033 5688
4768 4602
6217 3808
10433 7406
1225 1205
1144 1096
300 306
1434 1184
245 378
3591 3831
10205 8363
4370 4569
437 565
9877 4153
419 403
887 922
269 217
4987 4799
216 252
2569 2773
335 290
630 730
2797 3437
1862 1341
508 423
725 1189
666 752
4529 3477
448 733
4592 4439
205 303
977 995
665 607
1115 866
512 668
1285 2253
159 201
1043 1765
3831 2329
1207 2143
871 1356
4632 3109
432 554
3255 4654
1334 1278
3818 4195
343 368
5894 5739
1230 2156
2116 2474
426 465
3029 3105
571 562
881 1001
6098 6538
554 625
224 270
4177 4405
336 419
2641 2822
895 1023
4277 4946
391 339
10801 8550
1318 1363
910 986
612 608
2932 4283
540 867
4792 5707
658 736
2983 2819
2044 2195
8209 5832
399 375
1245 1298
541 705
2658 2459
837 921
8775 7519
358 322
2707 2823
4031 3950
4628 4324
1529 1748
3185 3280
515 878
4896 5414
789 822
4740 4561
746 770
10216 8210
565 1077
6791 7439
272 430
2585 2701
5931 6073
4904 4527
562 727
4226 4838
244 390
6749 6444
450 311
1275 1197
368 421
5334 5953
277 396
2747 2674
914 1181
4259 4357
734 1151
2062 1480
1206 1669
840 2833
950 2667
6497 5881
708 876
5242 3534
804 1154
2143 3185
491 654
6850 6599
1102 1361
9638 6650
1186 1152
5892 4217
877 1119
10044 7014
555 798
2411 2052
832 977
610 632
1393 1280
478 535
531 693
931 1604
615 1122
364 527
820 1177
122 160
846 1211
637 681
834 1079
1319 2228
470 473
497 684
969 910
8729 6983
1044 1374
1015 1589
304 714
904 1549
1562 2112
851 1113
833 1164
2367 2777
786 1582
1073 1296
830 884
1249 1901
427 492
1626 1305
595 1452
1474 1240
813 1410
2151 2100
1569 1555
3157 2088
1883 1863
740 723
917 1091
1054 1133
2071 2046
1063 1551
503 1073
806 1012
1723 976
532 609
2304 2761
1556 1281
778 1026
782 1075
865 1190
1621 1943
1932 2589
5668 5767
2049 3371
5616 4773
339 483
1683 1616
1357 1338
1460 2945
1161 880
1406 1337
1750 2079
1727 2358
1050 1427
2121 3249
1029 1299
2955 3453
7200 5333
688 809
814 1142
2480 2524
621 868
1888 1847
1695 1594
1547 1561
924 1412
1691 2089
3873 3617
1882 1932
1341 1584
945 888
1287 964
2103 1665
1714 1946
4047 4242
1108 1252
691 968
3880 3427
906 1613
1064 1309
5770 5096
1983 2394
593 797
2911 2424
1209 1389
1327 2050
2609 2485
2193 3272
1253 1598
1760 1826
1804 2522
4200 4295
1299 2102
956 1951
1450 1827
1496 1721
3757 4098
5277 3382
1151 2060
2454 2984
5360 6608
1010 810
3388 4092
1659 1829
2566 3639
3959 19801
3113 19694
5409 5671
766 1136
3617 4065
5767 4363
1194 1257
1027 1376
7605 6696
2018 3329
1631 3225
3676 3863
2659 2308
1516 1856
6046 4878
594 519
4979 4481
3717 2771
2187 2328
1386 1451
1590 2117
2234 2397
1869 1513
1173 1447
2258 3785
899 973
1107 1313
1219 1567
2028 1896
2134 4251
2277 2466
3332 4341
1681 2028
2332 3014
1524 1553
2423 2377
2216 2841
1884 2119
2218 2409
1087 1478
3477 2953
2155 19646
2518 4073
1996 2199
6282 4614
1498 1245
2802 3428
1147 1217
880 1169
3324 3899
2468 3485
2598 2227
2930 3026
4042 4581
1353 1563
2043 2541
1924 1806
1146 1324
1031 1805
1745 1908
1960 2621
2924 4180
634 618
1644 3101
1573 2250
2462 2834
1435 1760
2662 3483
1418 1914
669 1064
4926 4910
3117 19871
3827 3733
1733 3190
2724 3562
1185 1755
3609 3632
1984 1436
3009 19676
2751 19816
1956 2906
6904 6107
1701 1679
2342 4256
4084 4639
2648 3139
2666 2271
2435 2568
1764 2336
1517 1744
7758 6661
1180 1273
3096 2931
2140 2581
2242 2804
3727 3597
2424 2339
3951 3747
1987 1646
1662 1508
1935 2131
5043 4021
1765 1671
4388 4626
2247 2592
7250 5361
1472 2601
3102 19789
2536 2193
1328 1776
3620 4254
1950 2095
2645 2933
2281 2404
1471 1750
2261 2655
2892 3548
1836 4266
2848 2768
2166 2908
3666 2693
4720 6175
2822 19632
3361 4237
997 586
2115 2570
1978 2692
1979 2141
3786 4023
2054 1811
4278 19879
6565 4827
5287 5708
2271 2901
2505 2826
3697 3977
5840 3360
1507 1542
1282 1239
1122 1413
3297 3972
1427 2220
1737 1772
7404 5966
2114 2345
2450 3217
2718 2116
3510 4448
1895 1915
4476 4831
4734 19683
4688 4814
2943 3250
1308 1469
1595 1687
1381 1524
6560 6735
4050 3570
1759 2123
1781 2216
2294 1216
3515 3189
898 1089
3051 4490
5682 6375
3375 3601
4178 19822
2206 3154
5211 5830
4076 1985
1607 1498
5069 5839
2679 2967
2650 2556
1510 2033
2783 3462
2939 2976
4396 5452
3141 4011
2660 3750
2782 19753
2543 2986
1241 1329
2773 2894
1302 1695
3206 4680
12266 9732
2488 3037
2929 3126
3461 3373
3136 3239
6248 6018
3415 19939
2636 3858
2883 3707
2477 2200
3090 3188
2387 3521
3401 3252
7244 6537
3565 4592
2230 2476
2546 3075
4139 2934
3098 3789
4175 4851
3901 19860
3659 19648
2997 19679
3042 3081
2443 3618
4625 3634
7482 6968
2355 2848
3582 4109
2253 2446
3079 3918
4554 2766
2507 2672
3557 3227
2629 2747
2612 3261
5171 6724
7083 5924
5025 6110
2605 2748
2413 2575
2152 2928
3345 4730
2402 2842
3371 3630
6546 5774
2547 2879
1514 2061
3534 3743
4676 5106
3208 19754
3459 3985
2829 3251
8932 7239
3463 3396
3668 4541
4824 5137
3718 4698
4239 4379
3327 3402
3780 3489
5002 19994
4390 4238
2746 2646
5560 19699
2704 19749
3920 19681
3028 4077
3277 3061
4306 3582
4681 5271
5405 4163
3720 5220
2640 3415
4687 6270
1553 1487
3708 3311
5508 5184
3594 4299
5938 5724
2714 2038
7405 5934
3229 3466
3479 3815
4160 19913
2889 4778
5240 19814
1385 1580
2267 1836
4166 19903
3287 4464
4954 5550
3846 4119
4103 3470
3521 3909
6433 6095
8238 5633
3126 19793
4739 2759
2607 2839
2886 3138
2784 4170
4434 19869
19984 5520
3526 3468
4931 4429
3706 4290
3299 4024
3018 3523
1449 1964
4549 4892
3731 2203
6249 4876
3429 3366
4237 5005
5787 5260
3408 19672
3583 4178
5191 4027
3853 4268
4771 5719
4651 5089
4251 4943
7185 5342
4352 19875
5343 5930
4552 19995
4800 5436
8695 6510
4631 4495
6216 5517
4361 5454
3193 3605
5998 5841
6751 6989
2090 2318
6776 4670
4932 6317
3949 4279
6235 6615
3076 3337
2664 3970
12427 12919
4513 5781
4355 6006
6000 5617
5184 5019
4280 5017
1875 1536
3555 4060
5841 4756
7218 6189
6401 6197
8856 6642
3938 3758
3834 1624
1527843023 1821719250
1
sift 944
1944 1228
2 2
25 27
6 6
69 58
301 182
10 13
7548 9313
49 81
18 18
101 104
16 16
23 26
1462 1070
757 931
30 34
183 155
43 41
857 1226
55 79
169 185
64 47
345 292
2488 2150
243 243
226 262
772 796
3970 3824
116 101
3114 2596
1349 1435
107 85
436 570
84 76
1060 819
3048 3133
333 555
79 49
2491 2015
58 57
1418 1523
2771 2937
3556 2509
3474 2738
485 520
2929 2780
1152 1327
82 123
2461 2713
121 136
1844 1788
858 691
589 534
4233 4437
2296 1922
128 150
2480 2311
1104 981
2550 4246
56 66
433 353
3539 3643
3398 3397
74 124
2460 2054
141 108
3022 3438
70 53
1513 1140
3867 3441
3045 3967
4812 4287
2651 2368
3942 3667
3227 4604
33 70
2117 3473
5239 5374
4069 4554
106 95
1843 2047
5128 4159
3099 2730
113 98
175 271
3608 3384
482 389
135 164
3374 3096
267 134
3704 3348
2579 2212
498 621
100 94
6524 5715
111 168
3931 3990
97 102
1644 1096
265 288
4795 4225
170 179
4797 3719
609 729
2966 2921
3509 2450
1217 984
78 55
1716 1184
4625 4944
1558 1189
257 206
2681 3166
8363 6326
1770 1751
3853 3700
5696 7390
171 154
5117 5038
6829 6570
2073 2389
273 381
2533 2783
6598 5770
4062 4347
6676 6063
4926 5001
149 111
1265 995
1414 1628
397 334
653 455
2105 2143
271 170
1431 866
434 449
812 1186
143 138
825 639
212 171
4519 3693
245 279
3049 3104
5004 4856
2588 3709
6435 4740
619 625
137 127
5623 7220
1735 1377
2468 2474
177 151
1225 1001
551 731
4569 1004
322 231
4755 4972
181 195
2735 1769
543 760
4303 4405
323 581
4236 3893
41 63
4333 3887
1696 1020
703 600
306 415
714 703
3443 2718
1012 860
224 321
4920 3832
6245 5698
3507 2630
123 121
4345 4283
178 186
4501 4324
406 258
6493 5933
362 405
4890 4725
4104 4206
4786 7329
219 189
6732 6137
671 584
3644 3499
701 672
747 443
255 86
1543 1678
309 188
1279 1116
4709 4763
3371 3280
230 264
4833 5136
867 667
4232 3578
5027 5209
5622 4542
6725 6606
7198 6529
402 251
3978 3881
584 610
4813 4561
298 191
5886 6996
454 556
2974 2825
4321 3809
1687 587
877 783
8154 6030
327 306
6271 5674
4051 3776
2322 2970
681 597
6575 6155
3655 3920
6049 4339
338 378
5228 4577
850 1609
1516 1468
299 385
5095 5881
2635 2329
6696 5824
395 403
3625 4357
8437 8062
5498 4184
7556 6478
4497 3876
5741 5338
6827 6427
5656 6550
4043 3534
5624 5657
2448 2873
234 252
3761 1981
518 354
6050 6136
3567 3437
278 256
236 255
577 423
386 290
399 197
3969 4300
218 183
532 733
7186 6631
842 751
189 230
10797 9098
4001 3896
1066 1356
196 201
2327 2392
692 607
244 303
932 675
650 668
508 501
376 224
5441 4935
1148 653
549 543
1092 1148
413 281
635 504
1447 1278
462 469
394 368
505 574
530 554
8693 7471
389 265
6562 5867
4739 5194
401 249
629 427
335 299
695 665
1222 918
8922 8067
7422 7279
970 800
182 158
678 992
2221 1301
1430 2156
1268 1019
6670 5808
460 486
830 594
252 454
496 465
421 376
277 270
1610 1363
370 419
465 339
742 608
4707 4656
4490 4837
712 563
448 297
297 244
2145 2751
1050 1051
91 160
471 645
410 421
458 311
2201 1818
1721 1747
1376 1057
809 822
377 261
459 457
1164 1152
898 770
835 652
2585 2195
1437 1158
571 458
527 335
863 1054
6418 7128
744 814
346 430
3510 3950
3632 3540
319 390
9993 7405
355 396
1180 1181
688 428
4838 5080
2962 2645
4939 5233
782 1077
721 705
920 466
5157 4926
1561 1669
955 934
1054 736
749 1151
856 1634
818 876
2193 1907
3933 3960
1024 636
7555 7716
1338 1361
1141 1154
971 977
834 521
1369 1280
1450 1745
998 1119
1216 975
4605 4516
1172 1009
895 692
1052 771
1818 1145
1538 1349
680 632
4184 3916
1288 1471
1594 1230
585 535
872 489
727 681
746 798
615 655
690 693
1014 807
1170 1127
907 1122
1051 1177
1915 1396
1354 976
1067 547
751 827
568 684
449 527
771 561
4202 4076
934 1033
1220 1211
4384 4019
1970 1812
1434 1589
1191 910
1103 1133
2096 2112
831 671
555 473
381 316
1178 1374
992 1112
1151 1549
1020 955
1811 2228
2209 1086
1580 1564
964 1037
1140 1164
1167 829
1780 1100
1446 972
1603 1240
3994 3147
1181 1242
1366 1296
3313 3313
1872 1304
1076 869
4564 5020
1139 1201
1292 1036
521 492
1717 994
1824 1555
1586 1901
675 1452
1184 1582
451 714
4191 6673
737 1138
1213 1091
1396 1354
2263 1780
1283 1551
1839 1281
1493 1337
2424 2100
986 723
3166 1969
2430 2046
2194 2589
4779 4773
2067 1730
885 1026
1828 1616
563 350
2232 3371
1360 880
1072 795
1762 1307
1591 1005
745 1073
1471 1410
1385 1068
1332 988
4846 4089
5356 5600
1575 1291
802 583
2265 3249
2995 2761
734 676
2420 2081
431 483
5912 5333
994 1142
1988 1554
2046 2079
1878 3092
1943 1574
683 868
268 274
691 624
2170 1943
1979 1594
1617 1921
1615 1584
1356 1299
2990 3160
1875 1924
1312 888
1168 1190
1425 1427
899 809
1091 638
3366 3453
2123 1512
1701 1338
3570 2917
2177 2145
1958 1246
1402 964
1646 1143
2605 1875
2014 2358
3879 3382
1639 1156
1071 828
3534 4185
3293 4128
292 452
1902 2089
1426 887
1207 1412
1485 1172
4154 4242
1598 1017
1508 1389
488 260
2167 1847
1949 1932
3364 2749
2094 1295
3013 2524
2268 2394
4380 4441
930 2991
645 797
3751 3617
982 968
3894 19801
1914 1946
925 853
3275 2771
1458 1308
2515 1585
2342 2522
1370 1209
1855 963
2282 1713
2137 19999
5371 5096
1317 890
2304 1663
1797 1827
1551 1598
851 1030
1676 1066
2647 3385
3394 5421
2715 2684
2508 1665
3814 4065
2246 1561
2504 3301
1007 1951
1413 1376
4126 4098
684 519
1960 1828
2478 3274
622 342
2104 3329
2220 1460
1491 1257
2936 2485
1124 2092
2826 2984
5861 6608
3017 2449
1257 810
1691 2102
900 1136
2562 2114
2747 2328
1789 1513
2840 3272
2392 2064
1557 2060
2788 2580
1584 956
1601 1773
1650 1451
3682 19694
1911 2096
2897 2308
3119 2807
2231 1896
4847 4103
1432 1025
937 1380
1077 1063
2465 2168
3683 3203
1176 791
1159 973
2784 2397
3054 1699
3792 2831
1821 1532
8119 6878
1120 1193
5263 5157
4679 4481
2463 3785
4317 3460
2218 3225
1620 1567
1999 1859
1753 1447
884 848
1974 1712
3230 2679
1065 927
4402 4092
4377 19986
3437 3597
1640 1553
2964 1938
2838 2466
3254 2527
2003 2119
1112 818
2510 2841
3379 2569
2300 1622
3881 2587
1907 1806
2101 1516
1895 1881
1950 1388
1888 2028
1039 1080
2738 3485
3950 2196
617 618
918 1169
1442 1324
2630 19646
2297 1885
2347 1954
1864 1789
3042 2377
1570 1478
2199 2978
2243 1908
2462 2199
1781 1237
329 460
1660 1563
2470 2621
1723 2070
3480 3865
3967 2778
3135 4251
2717 2023
2384 2163
1555 1914
1488 1010
3098 4073
2490 2541
6675 5479
3710 3428
1357 1217
1744 3101
2871 2553
1699 1353
3561 2227
2435 1754
4292 4639
4606 19670
2016 2250
1968 1548
2264 1245
2116 1285
1227 1162
1750 1336
2644 3134
3844 3163
4592 4581
1595 962
1842 2514
1547 1467
2045 1530
1980 2259
2290 2581
3459 3483
3897 2882
3087 2661
4424 5771
3147 2535
3144 4173
2842 19899
4132 2763
554 341
5105 4910
1711 3190
2999 19816
7038 6661
1704 1679
2226 1511
3078 3562
2222 2861
1313 1101
2948 2271
1662 1744
2138 1646
1847 2987
966 1064
1679 1603
2368 2592
1983 1508
3769 4285
4401 19662
3621 2326
4065 3671
3662 4180
2616 3262
7603 5318
2572 2716
3104 2332
2496 1972
4046 4070
6011 5820
7047 6355
1301 1104
2886 3258
3533 2668
2326 2095
7930 6867
4461 4626
3242 3548
1461 2523
4014 3183
2287 2131
3320 3606
2606 2048
4576 19727
3512 19789
5721 6988
5614 5349
2872 2935
3804 3139
2821 2404
2927 2217
2893 3480
2756 3030
2339 2345
1525 1239
1505 1273
3564 4237
2525 2570
2645 2094
3494 2768
3589 2568
1959 1522
3951 4814
2577 3217
1941 923
990 586
4794 4458
3905 3271
2895 2602
2278 2601
2099 1161
3191 2369
19997 19632
6566 6311
1739 1687
3095 2723
3061 2075
2313 1811
2035 2988
3014 2482
6767 5966
2350 2141
3921 4023
3263 4985
5412 5708
1585 1413
2790 2655
2059 2124
4756 4305
7599 7221
7255 5912
4667 3235
2433 2130
3194 2673
2665 2031
1734 2220
2431 1915
4717 4993
1683 1469
2314 2123
3460 3053
1514 1695
4353 3045
3340 4011
5347 3152
3161 2976
7607 5370
3770 2487
3617 3601
1810 1524
3417 3024
3786 2536
3516 19681
4368 3570
2291 1772
4989 19874
3304 3018
3350 3126
3500 3750
1945 2033
3738 2193
4614 3634
3373 2159
2404 1876
3521 19753
9392 8457
2695 2556
2654 3154
3261 2894
6486 6537
3618 3789
2749 2200
3647 2892
3614 4490
2896 3075
2118 2367
1883 1929
2388 2446
3676 3227
5179 5150
5539 5839
3594 3187
3175 2476
3917 2934
3603 3239
3280 3289
4446 5137
5617 6018
2777 2106
5858 6329
3545 3609
4342 4851
2890 2748
2818 3038
6832 6002
4960 4583
6912 6784
4827 4702
3289 2879
3071 2928
4729 19699
8129 7239
3322 3238
3066 2842
4296 4500
2913 2244
8193 6875
2969 2747
2568 2839
3416 3061
3292 2646
1800 2061
3762 3076
4692 6724
2731 2848
3470 19838
4115 4494
3708 19768
3317 2706
3886 4698
3234 3012
5339 4466
6612 6375
4426 19909
3884 4644
3681 3173
8146 5113
3220 3007
7474 6449
5508 3650
3546 3251
4017 3670
6345 6082
5587 4590
6874 5977
3763 3545
5716 3874
4079 4238
613 595
4552 19814
5282 6270
3346 2038
4469 19916
4267 4077
3754 3467
6079 5332
1817 1580
3461 3468
2809 3094
3742 4271
4234 5087
3739 2759
10034 6465
3552 3820
5201 4419
4090 6185
4344 19709
5712 5417
3606 6558
6006 6597
5362 5031
5857 5730
3311 2958
1339 1482
4517 4024
3149 2065
4638 5213
827 1264
5740 6331
7037 6585
5153 5260
5829 6453
5267 4600
8939 7400
3956 2948
6610 4873
5378 5598
4505 6101
7453 6888
4999 4624
7666 7096
2599 3971
6773 5517
5270 3530
8593 8946
6285 6518
5520 4303
3974 3302
5758 3997
1560609777 1785119642
1
sift 183
53 31
2690 1963
80 45
132 82
2480 5562
133 112
294 151
388 329
193 146
166 124
234 212
278 285
292 216
457 355
327 200
413 292
443 383
685 345
256 199
509 241
358 233
761 474
1571 1719
317 291
290 353
3727 5500
499 250
2264 1230
860 467
334 253
570 441
3213 4257
380 260
1452 993
2680 5503
846 2015
1495 1793
706 427
372 314
1786 1106
1951 1057
412 350
628 444
1462 956
850 352
657 497
1073 1450
1400 982
1083 806
696 607
710 733
830 889
1490 1340
1436 1145
903 1011
2163 1907
1826 857
2417 2448
1204 1112
1628 951
1413 1065
914 810
2330 1968
4442 6170
3369 2621
1039 1444
1334 916
645 381
1836 1517
1074 787
2638 1995
2235 1501
2633 1822
2579 1611
3203 4364
899 1184
1646 1025
1286 1276
1006 746
2672 4007
1289 1431
805 716
992 569
1621 1001
1182 1062
1261 844
1441 1509
2643 1983
1679 1677
4933 2298
1979 2075
2424 1724
1041 1410
3325 2802
1538 1385
2273 2077
2531 1179
2662 1985
2253 1981
2632 1772
1990 1901
1689 1479
2815 1730
2564 2578
6230 8696
2926 2379
2952 3540
2455 1485
3075 4112
2614 2086
2015 1928
3353 2660
1404 1306
19990 2398
1062 1038
3429 2295
4029 2684
1170 895
1827 1991
1412 1640
2502 2536
1557 1632
2708 2512
3773 3381
2803 1879
1191 1234
3514 2409
4571 3445
2138 1764
1649 2013
1065 1955
3958 4782
5794 9724
2303 1650
2077 2495
3443 2242
3152 2325
2897 2141
1482 1813
1140 1050
3385 5982
3962 5666
3003 3145
3862 3382
5365 6201
5186 6074
1414 1769
1878 2341
2287 2966
2642 2101
4888 3405
3045 3384
2692 2866
2798 2516
3843 3213
5128 4823
19997 2275
5039 4066
2641 4126
2206 2004
2398 2278
1617 1478
2132 1933
4562 6932
3881 5616
1975 2276
4238 4764
4309 2756
3146 4523
3912 4371
2343 2061
2351 2135
4328 5547
5548 8369
4439 4145
3573 4090
3460 4740
2744 3231
5768 6191
3297 5668
4233 7152
2610 2888
11348 11868
1711426389 1762278700
1
sift 142
4527 10404
351 348
466 323
13980 19801
153 67
196 194
442 393
239 284
10161 16246
896 1080
771 859
1683 760
280 360
2039 5384
109 66
2177 4705
125 158
18080 13169
263 107
1466 5028
169 480
136 186
796 888
217 110
189 217
174 276
5196 6142
176 116
580 574
212 208
211 166
2815 2281
641 682
270 184
549 410
291 283
301 379
259 282
287 368
462 450
493 536
272 603
3312 4202
417 441
418 456
396 425
495 520
612 955
776 936
608 690
819 820
610 848
506 527
1151 1197
678 666
784 1078
480 966
958 1027
710 509
5295 8551
579 827
593 908
920 697
738 834
712 1252
578 517
453 514
732 873
481 980
1761 1487
419 251
2184 702
507 651
1298 1899
1204 1823
1792 1167
4663 8343
699 416
724 1315
1043 1432
1003 1000
686 1016
553 812
1015 842
837 1147
803 845
847 795
988 809
726 813
743 1865
1108 1132
1472 1059
1001 1017
899 836
843 986
777 882
531 519
785 1300
733 655
489 431
977 1593
1423 3037
2528 2331
1189 1784
2430 4303
880 4242
1258 1664
2182 2318
1318 1152
1372 1821
12288 8459
1440 1571
3084 6154
1159 453
2183 4338
1745 3018
1476 2832
2874 2400
4831 4221
1391 1755
1199 1705
1428 1573
2312 2720
781 761
1381 1902
1487 2472
864 1505
1148 2104
2401 3697
1982 2115
926 1476
1732 2831
1075 1153
2076 1393
4475 3734
2045 2084
1321 1740
2251 2202
8783 10838
3653 4438
2017 3335
10995 18752
1821028232 2116815287
1
sift 163
87 92
301 535
8119 7114
317 376
229 360
71 128
55 59
721 1437
90 76
99 100
11900 5034
36 27
126 132
4502 2543
117 154
169 175
1226 841
75 43
162 173
5407 5826
383 454
366 533
11144 12012
24 22
191 212
995 1146
273 377
180 223
1263 1460
167 127
82 86
8510 6198
363 531
800 1190
1558 1794
119 80
266 339
4833 3931
293 427
633 980
1750 3148
154 153
737 970
5830 6100
281 399
594 643
6724 6444
673 505
261 384
1653 6284
592 601
1026 1561
7515 5140
134 136
5357 4441
3198 3845
145 126
1914 3039
1782 1859
2893 2478
2673 2774
8834 4817
3622 2961
3038 3337
239 334
1877 2928
7097 6428
564 793
1262 1543
8310 4232
1318 2149
1270 939
1748 1933
331 347
2003 3087
381 361
5774 5151
1046 1133
7223 7017
570 1258
6452 6248
362 575
534 1050
7288 7385
845 1104
1082 1308
1291 1560
717 886
476 697
2059 2211
880 953
8418 5706
1217 2111
479 651
4207 4989
596 762
500 465
775 919
1563 1559
926 1069
1220 2770
359 424
395 537
433 837
1771 1341
4322 5007
519 812
724 1209
872 1420
1592 1779
1687 2095
7623 4317
1638 2043
723 1230
975 1580
1080 1184
1482 736
1181 1210
762 1244
610 960
4879 1925
1377 2347
1551 2353
4425 2911
5951 4702
2389 4640
758 1189
1105 1634
5503 4166
8073 6082
1432 999
2938 3140
2211 3324
5391 4915
690 1002
3493 4101
3874 4123
2435 3205
6793 8149
5527 4856
3973 4079
1953 2492
1629 19555
4049 4793
3281 3687
3832 3037
5504 6460
2244 3239
1269 1115
2961 3769
7388 5453
6144 5876
4920 6091
1887 3959
4135 19980
6318 5758
3945 3791
3562 4138
2436 3854
5681 5126
19830 19619
9278 9530
7387 5427
1944779128 2116815287
1
sift 309
1459 1533
18 16
269 352
45 52
102 809
30 33
839 1423
37 45
1176 1904
70 88
743 760
1428 1387
3635 4073
184 192
1289 1829
98 75
4272 6478
109 152
806 1126
89 60
3870 4030
31 22
3442 5824
1497 1635
3786 5226
253 237
3617 5198
180 154
2607 6614
165 243
1099 1146
100 91
213 179
3063 3508
377 300
199 320
770 758
363 337
206 208
3752 6049
136 258
175 207
3415 6444
1121 1686
183 174
823 1156
342 312
318 302
3858 9305
353 367
567 341
4635 7300
124 171
555 531
317 626
176 353
2222 2042
414 400
1908 2478
131 225
134 185
542 412
232 280
329 298
126 135
603 427
447 658
417 807
2082 1262
595 478
508 461
412 340
853 499
458 355
618 586
271 393
703 567
221 260
1240 1207
999 763
1090 965
443 549
707 942
375 269
1258 1014
2905 2961
401 365
333 334
3395 3820
287 447
1474 2092
408 501
891 1447
298 343
477 441
1040 815
1082 773
369 761
586 590
1054 836
532 678
351 420
440 465
877 805
310 311
570 543
1365 1437
1254 902
2275 2211
1120 820
466 565
881 1158
818 865
1967 915
511 665
2021 1946
537 869
1242 745
1396 1308
1110 895
780 806
879 663
1167 1269
680 714
1281 1099
735 986
953 753
197 253
989 697
445 630
1226 894
771 878
1089 795
1777 907
1073 916
1857 2040
1512 1050
852 762
1615 1105
1546 1559
1077 1036
1245 1069
494 424
1322 995
1299 1341
5018 6293
900 1724
758 934
1804 1052
1997 1243
1845 1241
857 792
932 1110
1488 1702
1565 1418
2560 2348
13617 6774
1901 1905
3008 2409
1603 1330
790 975
897 1250
616 510
2437 2315
5492 5958
2456 1924
1250 839
1039 1261
1251 967
1283 837
2375 2095
3369 3831
986 901
2191 1286
1356 1605
924 812
931 1193
1918 2122
750 1488
1150 1209
1866 1752
1539 1183
1659 1064
2141 1764
1314 1200
1154 1430
1577 1139
1050 992
1207 999
764 943
1381 1122
1231 1164
2622 2657
1000 1196
1441 2370
3769 3352
1648 1911
1170 1307
3545 2911
4090 4416
1079 2753
1942 3631
2014 1653
3450 2259
2094 1230
639 606
2042 2035
2470 1799
1880 1888
3007 1609
1398 1615
2523 1841
1418 1507
3876 2766
1920 2535
2033 1504
983 1002
2840 2923
2070 2293
1770 1837
1249 1638
1667 1634
1214 755
1323 1641
1624 2014
2077 2232
1982 2563
2144 2269
935 1659
2148 2006
3312 3430
2580 2389
2654 2145
1301 1189
3473 2445
3071 2151
2174 1915
1928 2570
2722 3655
3751 3033
1629 2320
2450 1776
1500 1825
2836 2272
4291 5914
1563 2634
3178 3171
1617 1951
2134 2446
1778 2082
1105 1832
3027 3297
1882 2255
1965 1743
2054 2630
1448 2010
4518 3768
2817 2459
3032 2746
1184 963
3983 6076
1883 3520
1450 1858
1841 2335
1584 1467
1101 1188
2304 2227
2298 3192
3768 3587
2028 2971
1405 1356
4478 5348
4569 3877
1509 2263
1927 2784
2847 2925
4067 4144
3160 3147
2244 3668
3302 3301
4216 4279
2590 3075
2213 2524
11883 10453
4066 4079
5141 3924
5212 4401
7259 6101
2350 2492
2176 1885
1700 2180
3565 2970
2288 3200
3106 6343
3901 6671
1782 2938
1257 2015
1498 2294
3778 19923
4352 7039
4201 4108
5705 9005
2211 2364
2504 3811
2738 2172
3846 4054
2676 3025
2226 2387
4654 6326
