71636616 115008507
1
sift 120
3279 2704
17163 6589
129 126
3312 2296
1873 3002
244 195
489 547
646 534
7481 2906
1271 2238
1083 696
5077 3881
280 385
5431 2550
300 269
124 144
430 361
13770 6554
633 758
1009 681
1990 792
123 113
137 112
740 456
1700 1336
2593 2452
6592 4156
3034 1931
13832 6293
2301 2148
526 299
2716 1992
2050 1375
2371 1544
1419 954
1266 1183
384 235
4081 3551
592 659
508 197
7624 4328
2327 2080
211 256
7623 4649
229 258
235 273
6585 3429
1439 722
1479 1226
3200 2096
2073 2091
246 302
9404 5298
1860 1038
240 300
3785 2814
256 446
362 281
4761 2666
230 288
275 359
10123 4181
335 331
3379 2801
12272 10983
1874 1762
2180 1428
13600 6000
5813 3308
516 298
1618 1480
458 356
1886 1956
369 348
1824 1497
3042 2491
417 546
304 420
6634 4562
968 987
6898 4409
1109 1284
319 395
1236 1493
1756 1057
544 628
19426 4019
561 668
7089 4582
584 607
11895 5049
19411 4604
4835 4080
388 490
1094 839
504 610
2842 2498
436 532
629 623
806 507
543 609
1254 1077
998 712
642 992
648 621
2490 2650
3652 3571
2129 1623
1513 1436
2104 1536
1424 1172
1235 891
1353 1399
3440 2882
2452 2099
1052 902
1677 2062
2471 1920
619 799
1098 1531
71636616 317013107
1
sift 258
3279 3607
107 86
819 1016
57 63
658 772
244 198
2037 2570
489 796
729 927
2940 3209
3280 3397
238 159
300 363
280 299
5507 5661
315 414
125 151
3519 3466
1773 2302
375 413
123 137
430 334
654 533
413 361
137 143
1990 815
1601 2088
4254 3724
372 474
557 437
1586 2007
13007 8013
12919 7097
984 722
2960 2563
2396 3179
7763 6643
6592 4911
2513 3219
2593 3238
11947 18683
2301 2780
2534 3535
1700 2452
9494 7031
349 111
2474 3012
13598 8066
3427 3502
1359 1139
2598 3203
1274 915
1792 2933
2203 2025
2818 2960
12791 18627
526 303
3034 3112
396 584
2635 2935
3077 3218
1419 1487
1266 1265
7362 4623
10886 9076
2050 1862
2371 2738
2716 2975
10240 5139
1028 675
2996 3015
1753 1353
10712 6185
9532 5674
2327 2491
3581 3871
3039 3130
384 189
3176 3491
3089 3626
211 243
5732 4569
2952 3190
592 670
781 743
10942 8294
1479 1155
5972 4610
5350 4279
229 254
11585 8383
6630 4788
235 264
9964 5350
8031 18576
508 187
1262 1143
7623 6460
246 267
1439 805
13386 8188
2073 2817
4710 5251
7504 5580
240 288
7594 5598
3844 3603
230 271
1860 1695
9438 5671
256 382
362 251
11477 7672
335 325
2180 1887
2941 3247
656 525
1618 1447
7481 6267
19412 18361
9507 7352
4218 3935
516 276
458 342
6432 4556
369 300
1874 2518
9999 8199
2653 2519
417 499
3200 3267
304 372
3379 3511
4847 4670
13381 19894
1489 1031
13274 7123
6898 18225
6585 5208
11272 18451
19498 18560
5993 3215
10104 4384
1109 1348
1923 2654
4761 4060
319 374
14100 8507
13359 8071
12041 6054
7760 5084
10123 6124
12634 19253
1756 1122
10130 7950
1949 1189
544 609
12032 8116
1416 1361
19426 5308
12978 7592
561 634
553 709
6826 18054
4729 4368
6481 5114
1139 990
584 649
2333 2585
1094 776
388 452
2189 2664
2490 2721
504 561
1737 1328
5302 4434
806 386
6262 4292
436 485
836 574
543 576
998 463
4835 4809
642 865
655 564
1443 933
19443 18197
648 545
2156 2320
1228 1615
19282 5038
773 923
675 769
924 1109
1059 940
794 731
884 849
1513 1200
1672 2615
3558 3507
989 1076
10255 18458
1669 1253
811 1041
796 827
2215 1443
4253 4299
6119 5089
2373 1976
11401 5831
1175 1685
11841 5708
3403 3739
1355 1709
2213 2239
2439 2141
1451 2017
3068 2961
7530 6399
1196 1281
813 1156
3440 3550
1506 1239
1539 1825
1264 1062
1961 2680
891 1048
1459 1311
2104 2582
1186 1410
1367 1693
6850 3373
2471 2311
4680 4056
1034 1310
1235 973
6626 18076
1311 1867
4003 3790
1380 1852
1496 1676
2256 2819
3208 3170
1071 1427
962 1149
3204 3321
1723 1523
1326 1333
1277 1740
1066 1252
863 1640
19324 18312
1389 1548
1065 1322
1598 1439
1507 2240
2526 2577
19352 18210
71636616 507164790
1
sift 1653
2185 2395
106 142
54 76
3362 2928
18 47
878 614
39 63
12 27
56 82
45 53
177 222
170 233
69 83
431 601
23 42
65 81
48 80
11 23
3864 3648
3615 2832
26 52
489 552
250 309
19 36
4517 4245
234 316
40 62
315 328
12616 17587
41 69
5643 6254
4478 3514
76 93
1083 901
224 253
409 349
7951 5242
209 280
52 65
124 148
38 73
49 84
2956 2582
5709 6379
96 149
633 659
215 310
72 108
375 389
328 571
33 50
9801 18598
242 294
146 194
10762 10539
66 98
101 116
123 140
2500 2137
453 713
132 154
380 612
198 212
137 159
566 688
3191 2863
372 396
116 160
117 152
888 742
309 435
100 115
548 559
3821 3396
29 39
381 388
95 127
232 288
2396 2056
71 104
122 181
624 629
650 864
86 92
5665 5368
1934 1957
82 91
3281 2678
1043 1173
323 395
6184 4528
1932 1914
35 55
4095 4226
412 665
5317 4402
5135 4789
559 764
129 161
8401 5820
721 840
114 150
2688 2143
1130 1213
178 224
9134 7186
73 117
140 187
2593 2176
649 866
58 71
3427 2876
1335 1183
193 219
396 416
68 109
313 332
1792 1626
908 1028
139 193
3494 3040
2604 2269
112 132
4608 4651
5392 4902
442 431
6650 6196
182 220
87 95
3879 4453
678 592
213 277
3547 2849
420 587
325 358
3034 2316
594 650
144 200
4425 4021
1021 1208
107 123
3077 2438
5322 4055
94 96
7482 5932
11270 8460
186 230
1419 1042
6648 5604
839 663
3426 2635
894 567
6217 6667
4627 3803
3390 3211
7574 6045
3581 2868
1503 1506
253 247
3607 3121
2226 1928
85 100
3176 2778
3685 3447
7356 6138
2427 1698
4816 4701
4999 4764
4143 3405
5108 4563
326 370
2716 2013
3881 3915
244 264
5732 4641
1908 1767
166 211
2996 2270
8578 5636
83 102
10886 10002
4779 4143
149 188
746 581
312 352
126 182
3236 2536
406 394
4494 4821
2371 2031
1488 926
110 124
4741 3801
3624 3348
4230 4435
3363 3164
8071 18998
163 179
2951 2278
1640 1510
324 511
3039 2224
1025 1056
498 625
5769 5770
873 860
148 202
781 648
970 1043
5441 5761
10942 8711
6725 5858
2679 2173
10712 9953
874 989
3790 3382
3457 2850
2683 2519
730 741
4640 3818
859 858
607 421
19651 19869
934 987
538 353
7370 6097
3170 2797
267 210
1707 1105
657 825
239 234
1846 1286
11057 7731
608 689
7770 19670
3462 3076
664 574
3312 2486
1037 1107
97 106
12996 10559
468 579
354 403
7594 7128
8599 6716
3645 3476
6312 4167
630 820
158 185
3844 3023
9301 19496
3621 3018
12431 4900
1858 1784
4505 4495
4009 3507
1382 1407
2028 1388
9429 19770
786 923
302 368
3291 2555
7607 19485
414 621
6478 18585
1105 1121
2765 1994
4081 7529
1553 1563
219 244
5963 6537
379 485
284 291
7481 5851
3875 3531
157 168
10184 8899
3475 3030
331 271
4218 3041
4043 4749
169 192
4527 4390
3793 3875
264 325
6522 6617
386 379
10146 7205
8197 18691
1149 1198
160 171
11040 7483
2715 2416
4511 3950
4790 4067
949 1114
288 351
4847 3998
8883 6993
181 125
7715 19399
462 626
292 545
3200 2088
2093 1975
280 341
7326 6402
1684 1559
337 343
6432 4450
408 506
268 250
8235 6808
2100 1789
119 162
6585 5913
7055 7090
1806 1369
3785 2785
2228 1986
394 548
5076 4682
1968 1049
613 697
5431 3534
2617 2370
3519 3413
4761 3378
8997 7250
255 260
4769 4383
1743 1482
283 273
7488 6152
4913 4994
348 362
5067 4518
3963 3584
457 500
1969 1307
4438 4240
1349 1157
5425 18505
519 513
183 214
10079 8243
768 821
1747 1237
7976 8064
601 732
238 254
12473 7012
6910 7048
1384 1210
4780 5213
3189 2874
495 613
8621 7858
1610 1538
555 666
1982 1476
701 769
2642 2245
4370 5020
596 759
1595 1439
10130 6419
1290 1332
3842 3595
6629 7663
1561 1458
199 218
2447 1799
2355 2187
4930 4848
12224 8896
749 889
755 780
11827 8813
603 811
11055 8469
2223 1760
1838 1722
646 635
10889 11100
1622 1552
3643 3816
3833 4086
720 667
413 461
2904 2615
580 432
430 491
13979 10810
1010 1052
433 406
13665 9752
2720 2458
419 466
7159 7390
890 1068
4760 3954
5979 6605
2696 2483
3232 2914
4352 4442
3945 3636
6137 6061
1653 1621
2891 2227
4446 5306
3594 3093
1055 501
1652 1159
1373 1467
1188 1051
1891 1594
2703 2444
1749 1658
3251 2340
19640 19743
3758 3372
1243 1335
2616 2044
1482 1387
259 284
1655 1627
3620 3506
2352 2083
428 445
9066 5973
4702 4304
1124 1085
5616 5609
2201 1363
2000 1579
3121 2496
1933 1577
491 591
298 407
5720 5992
1282 1145
3722 3202
4004 3891
841 1057
135 143
1864 1605
2536 1915
2442 1682
634 602
3024 2958
293 331
1131 1269
4977 5167
1771 1610
2591 2140
527 723
13181 9431
2555 2215
7021 6686
706 977
557 583
9929 7717
4254 3941
1650 1765
236 240
3984 4378
277 321
2087 1911
3750 3010
2002 1770
2343 2179
2384 2273
1816 1599
1409 991
3085 2904
7042 8208
479 690
1258 1380
370 439
1565 1644
1223 992
1525 537
5737 5044
1623 1588
2148 1800
12068 19867
287 275
1584 1573
143 180
505 794
7998 6900
824 1155
913 781
3679 4182
4030 3387
2006 2025
616 490
981 1139
816 1146
1606 1600
1512 1123
1763 1664
595 554
1693 1738
4490 4588
3018 2342
4215 5361
1167 1167
3103 1991
2297 2275
306 263
857 1070
1099 1039
936 1181
1084 737
1880 1809
2386 1649
1775 1890
9698 8012
1347 1383
3190 2397
3436 3272
1589 1125
1636 1772
3524 2798
3007 3175
9323 7103
1338 1409
659 1034
1817 1804
251 249
1432 1624
3061 2553
1862 1630
6076 6392
1777 1971
281 304
1782 1802
1197 895
1430 1358
712 881
1894 1873
330 333
2998 2749
5072 4663
612 1082
1244 819
2872 2683
1587 1067
6145 18661
3745 3385
1694 1554
976 894
10447 6770
1272 959
5923 4377
4142 3590
1336 1725
400 356
19567 19244
984 862
1713 1714
5667 5359
1947 1823
4398 3834
2046 1826
740 696
4271 4007
5364 4511
2991 2781
1563 1309
2257 1942
3874 4335
1148 1083
8967 6868
1591 1527
19305 18468
2315 1996
3983 4289
2992 2543
3468 3210
1325 1478
1594 1391
1851 1864
243 248
7669 5964
2489 1956
2673 2577
263 276
2376 2193
174 215
2581 1985
19594 7474
3805 3490
1789 1637
3234 3300
6221 19026
13496 9040
688 867
3417 3318
272 303
2498 2638
10837 4922
3587 3715
3742 3465
1410 1735
3602 2977
2456 2355
5149 5587
2759 2694
2099 1828
5821 4668
752 607
2700 2418
2301 2054
14076 10087
465 549
2807 2345
4066 3487
15150 9284
481 484
1035 1288
7513 6860
2385 2493
4866 4677
1681 1585
696 643
7509 6483
261 251
2331 2415
4008 3079
3744 3627
1973 1515
2586 2495
2753 2218
2314 2104
1146 1135
8847 6344
3753 3519
6518 6222
8523 6851
3100 2964
5308 4652
2193 1916
1790 728
2751 2255
2846 2513
4196 4710
172 206
2929 2590
411 440
13928 12314
2818 2445
4970 4108
359 393
2075 2191
357 373
9132 18556
6953 6820
2641 2774
451 467
3167 2695
4445 3704
1690 1816
1274 1029
2939 2708
4703 4447
4496 4809
203 225
1477 1460
7290 6272
13369 10574
4777 4090
2707 2468
2056 1990
2182 2271
1556 1227
1794 1978
390 451
2801 2236
904 790
7930 8323
2251 2018
4383 4430
2431 1814
10098 19650
7166 7325
983 456
418 533
4918 5086
585 818
5192 3784
5542 3683
6707 18639
270 274
2933 2755
3644 3852
3040 2946
5362 4801
3692 2650
6592 6838
1896 2049
4076 4443
8556 7033
4427 3851
6112 5072
2693 2402
3681 3057
1938 1553
4566 4303
471 488
14561 10769
1985 1392
2400 2119
2286 1507
1626 1540
4336 4045
2318 2163
1281 974
2272 2349
7724 5766
1944 1225
2566 1876
6309 5189
1831 1253
19600 18812
252 266
3493 3847
226 243
6369 7482
756 748
3144 2772
6265 5384
5931 7063
4450 3008
2510 2401
2105 1792
15206 14409
8572 6793
8753 8968
4288 3459
2209 2292
5652 4596
2354 2393
18497 17567
5573 7504
1224 869
3806 3586
361 429
2048 2244
5839 4725
2380 2405
6907 6593
5672 6293
6130 7443
2248 2307
3857 3472
2271 2566
2279 1842
2081 2367
14791 19853
5020 3663
3998 3271
8733 18794
2786 1894
19638 18883
273 308
2754 2827
2549 1951
2764 2064
547 597
9103 7031
877 1020
5494 4464
1024 934
9540 8406
11630 9266
11519 8334
5843 4595
3014 3158
2034 1733
3066 2993
227 256
3149 3361
8477 19561
2667 2966
13578 19696
5892 7522
526 391
3210 3523
2203 1892
2238 2489
2168 1723
2845 2992
819 902
1971 1796
455 463
2767 2740
862 1025
9992 19627
2240 1845
4582 4790
1176 1009
11506 7389
1044 1230
9618 7899
732 673
2957 2711
2418 2481
3406 3438
2419 2210
3082 2715
8402 7920
3846 4219
8575 7693
2743 3132
3213 2507
3796 4206
7637 5993
4506 4531
8710 19438
19874 18551
4941 5155
7455 19921
3075 2815
6404 18597
1273 1297
4193 3864
13392 9909
1753 1608
736 739
3003 2441
2050 1659
993 1078
5183 3669
2218 1564
1251 1037
426 526
1050 1351
5581 5223
1883 1334
3254 2254
4500 4268
5407 4817
1266 1247
353 408
1498 1486
266 293
2702 2475
8423 6332
6463 5540
4148 3426
19322 19315
1445 1252
1226 1316
6181 5059
6207 5572
1892 1759
3108 2852
1345 1267
1190 1373
377 405
2261 2029
1082 872
6364 5004
7743 7112
751 906
12638 10080
827 908
1469 1412
1465 1445
4541 4116
8460 18631
3516 3007
581 569
2155 1435
19542 7756
345 289
790 888
592 747
349 354
6046 6998
2558 2335
843 808
4646 4483
2264 1751
3318 2161
1991 1708
8928 19858
1404 1250
2412 1973
912 1015
5114 5394
4014 3874
1986 1655
2073 1791
7417 5902
1040 714
4710 4761
256 323
447 428
987 578
1842 1764
7283 4908
8865 8116
875 999
5336 5016
439 510
7980 18670
2037 1732
8606 4889
1491 1444
2748 2313
3270 2902
2867 2472
761 838
3295 2579
2497 2042
211 258
1526 1441
1435 1470
4510 4076
1820 1742
1797 1547
229 269
235 279
969 1089
474 493
1532 1298
19378 7219
3377 3227
333 442
1765 1601
10352 7391
19333 18821
1199 1344
6282 3384
2339 1884
589 553
1780 1774
2310 2091
600 680
483 564
3600 2686
6254 5860
1173 1265
1873 1692
4171 3868
1462 1390
240 282
3273 3139
6385 6205
869 993
2008 1396
19302 18965
230 268
9666 18888
19764 19200
5715 4488
3230 1788
246 298
9314 18765
1247 1112
4739 5339
1275 1001
271 292
2399 2021
1560 1591
7272 7017
541 744
1533 1314
2327 1927
2274 2146
3658 3363
2032 1961
7927 7093
4892 4513
2340 1934
2551 1918
4832 4841
7218 6386
11846 5672
9816 7102
2895 2109
1479 1406
4241 3528
3817 3474
3954 3133
906 980
500 580
8107 6455
1422 1339
8750 19231
501 558
1773 1650
1859 1632
335 367
5507 5096
3521 2703
490 521
2180 1652
2709 1999
6950 18559
294 336
2718 2384
5176 4706
499 561
1590 1281
8762 18748
1874 1710
384 414
576 531
484 590
1952 1551
2611 2043
3873 3435
458 386
311 378
8708 8164
1515 1216
1255 1017
2517 1982
3589 3241
1543 1260
275 350
2506 2170
3789 3624
446 605
656 706
8780 18722
19348 18993
269 301
2159 1496
5823 5274
1978 1965
3435 2837
6710 6146
6941 18705
332 426
401 420
3174 3593
417 505
2808 1404
3676 3307
6348 6106
8496 7244
356 400
404 609
3258 2353
2111 1730
2815 2294
1748 1580
19328 18440
13785 10883
6419 18467
2296 2005
3042 2705
3350 2618
1429 1394
1163 1200
2847 2396
403 582
551 496
460 565
2838 2399
19801 19001
2187 2129
1923 2079
1440 1666
508 450
963 730
1618 1364
2045 1452
480 529
13140 9588
19560 19601
369 412
1614 1429
6087 8306
2650 2388
3820 3423
11284 19098
304 365
344 376
5359 6225
362 482
1804 1509
1666 1561
1473 1330
2736 2627
3080 2437
3241 2647
4033 3509
1853 1740
7789 18904
588 516
1578 1535
1645 1635
1981 1688
4540 3411
1524 1473
2137 2148
1840 1593
1955 1785
6631 6095
3379 2980
19929 19941
3433 3124
1974 1888
3315 2751
1976 2094
1601 1455
2828 2407
477 546
410 622
6346 5421
545 480
1870 1989
887 975
11225 19409
6327 18544
549 517
4722 4004
3090 2793
4191 3862
968 969
4220 3845
1827 1830
3500 3356
3734 3196
2141 1854
567 642
19300 18809
525 575
4600 4973
1489 1234
540 639
1808 2206
8483 6300
11976 10028
2291 2154
469 712
8044 18818
1803 1912
2304 1749
4305 4115
8584 18950
19457 19635
2615 2352
7782 18404
8876 18645
1664 1712
1475 1202
1630 1537
7252 4814
2560 2318
2569 2097
1390 1096
1292 1860
1377 1389
590 573
2990 2591
7250 5239
3202 2697
5813 5480
496 608
2038 1424
654 735
2897 2674
3885 4156
3292 1747
516 638
4974 4949
8740 7079
10583 19405
1877 1656
1916 2034
382 470
2152 1966
3192 2754
710 812
1095 1023
1511 1276
6189 5451
6870 6330
1134 1142
1379 1385
1271 1395
767 675
2205 2162
319 410
3848 4353
957 857
452 668
3748 3618
5147 2764
2337 2602
3633 3335
2029 1945
7056 7555
2869 2512
2465 1902
1774 1866
2070 2302
2914 2632
2421 2343
4088 4145
1940 1931
6697 6363
972 997
1912 1779
3398 3011
4127 4150
364 460
2564 2387
2896 2442
10116 6588
2473 1976
902 947
2382 2586
1689 1542
1799 1263
9358 19035
350 447
3795 2235
5636 18564
6153 8139
2307 1919
1068 1189
1830 1895
1823 1676
4091 3516
1063 1138
640 700
1156 1100
8961 7995
3060 3430
3451 3836
1949 1654
2728 2195
2089 1856
954 1045
3447 3088
7825 18439
636 785
731 984
2245 2514
487 539
1219 1097
1014 875
1585 1472
2374 2504
3411 2828
4807 4093
1785 1851
19405 19615
4689 6639
1238 1275
1120 971
3883 3996
8782 5671
535 653
6875 5660
4644 2988
6876 4578
3959 3563
2592 2019
7077 4840
3637 3289
681 958
3545 3111
7196 18840
1313 1324
1809 1815
1619 1454
1067 891
4460 4549
4909 7104
2312 2086
6334 4508
472 705
903 1113
9337 6015
1147 1129
1029 944
4057 4151
1821 1762
575 766
1906 1929
19275 7898
10383 18454
363 361
569 719
2561 2501
2289 2324
2923 2985
8272 18952
3104 2469
19761 18976
2534 2439
7343 19096
475 524
3601 3038
11346 7549
2656 2710
5409 5056
735 716
2578 2470
1509 1177
398 503
673 783
13460 13222
2900 2823
652 830
1117 1054
672 917
4433 4316
19291 18417
523 715
3461 3582
8741 7310
1093 1061
556 734
2151 1941
7468 6275
5646 4310
610 724
3220 3085
1012 945
2771 2826
19517 18703
553 686
10666 19983
3155 2899
5944 5264
3647 3497
684 851
4334 4490
715 849
708 861
1208 960
2189 2073
2306 2336
2543 2449
388 540
6991 18492
4415 3966
747 694
1567 1556
6503 6433
8053 18455
700 921
2042 2390
3091 2682
3674 3312
4765 5017
7465 7013
4147 3449
2511 2377
8284 19563
3422 3099
3489 3412
739 814
2797 2093
2143 1437
7519 7886
1607 1569
5267 19526
1960 2184
1145 1322
11186 8746
2883 2593
7190 5429
8435 18790
1304 1180
15241 10978
787 930
2851 3177
504 687
4422 4830
562 717
4130 4576
6533 18595
2292 1947
4407 4672
1139 1292
6262 5535
19952 19312
2601 2284
1893 2068
965 1026
2227 2015
3307 2995
1791 1403
9043 19093
6805 18659
12423 16478
1729 1421
517 631
826 1197
2333 2315
4493 3859
4090 5678
3366 3084
3045 2895
7831 7939
543 702
19286 18478
2022 2037
9128 18628
697 773
513 634
5415 5139
11234 19371
1375 1325
9744 7976
782 962
3394 2910
2880 2251
915 1007
1995 1623
5985 3870
694 882
870 1063
3859 3738
9574 6159
1929 1908
12217 8295
3223 3055
676 842
4351 5225
7378 5668
1464 1149
785 949
5862 6798
19943 18514
765 976
3163 2811
3401 3536
1229 1270
642 784
924 1134
11685 19917
2779 2115
3610 3501
3240 3260
6680 7490
629 828
631 754
19345 19064
1766 1611
724 775
864 990
1471 1575
3942 3724
2367 1548
1760 1413
7745 6563
4253 4697
3557 3973
823 1144
9288 7964
3578 2929
3803 3529
2658 2012
845 1022
3834 4632
833 1010
4894 4387
4071 4500
5602 5475
1950 1099
682 954
5663 5985
19431 18825
1254 1195
711 787
2460 2440
944 1127
2035 1858
3252 3167
2192 1967
1832 1963
9400 19552
1245 1306
1682 1399
10212 19361
1039 1178
975 1328
2474 2634
4300 6466
980 1184
8593 6213
1198 1118
7931 18681
19416 9017
789 953
644 804
674 756
7303 19116
3788 3159
3374 2981
945 915
7813 7492
5826 19607
775 929
1555 1670
11226 18667
668 855
1182 1147
6873 18425
2232 2580
2545 2169
1701 1546
867 1076
2044 1741
4836 5235
1510 1434
8510 19472
703 994
848 938
977 919
1467 1238
5867 7675
19411 18600
4751 18506
670 803
2862 2391
3944 4207
2810 3268
2968 2873
677 806
1454 1582
655 827
1433 1241
6696 18568
1452 1296
1192 1158
2598 2706
2874 2233
879 1072
648 771
3641 4842
10547 19114
11582 19046
5993 5249
928 1176
1181 1342
794 1003
2713 2454
2529 1795
1305 1171
941 1116
3440 3652
1341 1246
960 1024
836 970
1115 965
1372 1372
6909 6997
1045 1090
1547 1311
6129 5827
10398 18480
6278 6258
1235 925
777 853
2729 2596
2773 2197
796 863
2283 1875
3527 3077
2681 2726
2197 1980
3515 3253
3009 2750
5945 4667
1481 1393
2501 2491
722 963
3506 2816
1206 1258
1829 2014
6842 4722
1123 1038
4338 4600
2950 3098
985 1194
4233 4124
3703 3570
3568 3214
19350 19731
7258 18746
11497 10525
4003 3748
812 914
1074 1251
899 1124
1513 1532
4046 3572
1259 1423
5623 5708
5669 7561
8754 18586
3668 3218
3069 2841
2563 2066
2988 2350
4432 3923
3470 2957
3358 3080
884 1239
1161 1567
3611 3207
764 1117
1088 1065
791 931
2605 2300
5767 5128
1928 1377
3632 3274
3316 3525
1209 1160
18950 17807
2163 1761
6796 18855
5515 4505
1062 1212
10773 19494
3514 3703
5396 4869
1260 1401
2345 1833
2520 2549
2518 2804
846 979
1031 1301
2349 2212
7827 7070
1340 1161
1106 1111
1300 1153
3259 2480
2697 2663
2836 2625
11401 10132
2623 2473
2353 1943
3579 3963
2407 2346
1834 2055
2060 2862
71636616 918342931
1
sift 95
15206 10519
112 124
2441 3039
3645 18715
3519 18501
18080 10150
430 456
2327 2998
1266 2189
557 599
740 618
906 987
3181 3860
465 500
2635 3134
2180 2338
1479 2247
2264 1980
4941 18752
2159 2406
1886 2756
229 216
235 234
4600 18623
1163 2271
211 248
246 265
1630 2802
3379 18554
240 263
230 243
1122 1407
3789 18638
256 390
335 302
836 764
1490 1660
458 307
1874 2815
6898 18867
369 315
1618 2342
19498 19692
304 353
1824 1933
1029 1649
417 512
968 1083
19631 19091
397 266
1109 1703
631 926
19426 5037
3474 18559
644 920
1416 1969
1357 1114
19374 6896
1139 1300
1094 924
1058 1629
543 472
910 1188
1671 3026
804 855
1178 1291
5767 18929
806 429
648 513
1254 1133
2490 3143
998 531
1669 1052
1513 1257
5985 4282
923 1303
796 859
989 1241
1354 1126
884 1096
1625 1744
2768 3189
3772 18551
1235 737
1539 2161
813 1383
891 1160
1380 1852
1112 1664
2439 2774
1459 1951
19274 4997
1065 1166
863 2014
1326 1974
71636616 1782773850
1
sift 54
13463 6180
420 175
2455 1099
825 225
650 292
657 314
1384 347
1831 2327
4030 1961
462 202
3170 1272
1290 320
1446 352
5270 2779
1190 426
602 277
8836 2677
701 341
527 207
4193 3057
707 245
1124 306
5159 2220
1561 538
2720 1145
1773 1000
1623 365
1456 359
8508 5168
2673 737
2426 1028
2421 905
2346 542
1017 337
1887 810
1714 644
1691 574
8740 4396
10932 7597
1470 720
2645 963
2444 1108
2237 772
1774 878
4566 2103
13789 19582
2711 1227
8940 4547
3464 1520
12331 5675
2881 1313
4297 1608
14155 6101
4023 1589
71636616 2029785837
1
sift 74
5923 3241
3645 6992
1266 1616
280 318
3519 4676
3181 4263
1933 3312
558 1067
1710 2328
1366 1254
2327 2583
2340 2786
229 221
211 227
501 371
235 235
2073 2758
246 253
240 266
230 249
335 307
256 373
458 321
1164 1889
369 313
1874 2348
304 362
417 494
3042 3899
5359 10962
968 1475
319 310
711 519
1094 753
436 410
806 365
5543 4979
504 535
543 518
998 423
1228 1891
655 533
2156 2322
648 490
836 683
3440 4574
924 1309
741 1078
796 988
1353 1090
1033 1399
1539 1782
619 475
1175 1651
1235 889
1306 1688
5180 10345
1098 1520
1186 1640
1363 2264
1367 1723
1034 1480
2181 2836
2255 2764
1420 1843
1722 1243
1719 2563
1496 1763
1312 1678
1326 1710
1066 1143
1065 1237
1277 1845
1389 1621
115008507 317013107
1
sift 1129
85 66
21 15
24 21
27 17
3140 3605
42 27
307 385
423 393
36 40
6516 7886
3181 3786
73 55
1191 1408
524 402
50 33
4576 6092
1442 1015
76 59
4182 4808
1652 1898
39 26
2756 3659
3084 3559
46 30
2172 2706
2430 2570
153 98
3613 4170
1277 1303
92 75
2337 2790
2482 2879
68 52
1685 2323
3348 3864
4314 4541
2631 3134
2330 2302
126 88
2400 3052
2949 3204
110 94
3528 4754
2907 3057
75 53
3307 4282
3242 3399
94 71
2987 3329
2300 2221
195 198
3464 4363
1521 1943
105 81
3034 3471
4591 5343
77 64
6110 8761
2752 3206
219 227
6593 6531
2189 2088
80 58
12864 14206
3530 4601
111 86
4032 18047
2253 2095
127 101
19437 19714
4351 18119
224 214
3220 3701
2339 2520
205 207
6061 5872
2327 2672
155 136
3650 4885
160 126
2691 2883
171 146
6951 6752
3056 3614
2234 2079
149 87
9311 6031
216 228
2286 2189
130 110
2238 1726
179 159
2364 2651
596 582
6444 5393
364 428
2271 2062
547 796
6887 7994
282 354
2499 2633
534 534
4959 4436
2553 3409
19663 5137
535 1129
3357 3841
234 206
3341 3334
2602 3209
530 708
19399 18756
361 331
3675 5848
158 120
796 502
166 144
167 129
577 558
141 106
362 409
3787 4387
2773 3634
355 362
400 397
269 363
1823 2251
325 414
1187 2149
144 152
792 815
312 332
152 104
2689 3386
154 127
1535 2547
213 246
3442 3724
2661 3466
2923 3875
2864 3768
449 549
358 364
164 119
369 390
115 141
112 143
183 160
286 324
296 319
118 89
113 137
139 102
324 343
163 128
1483 2623
218 248
1364 1952
3108 4417
132 97
405 461
172 161
4012 4913
834 1000
456 570
151 153
168 130
323 339
1716 2177
686 1188
548 711
2677 3254
142 111
537 619
3289 4248
2944 3883
242 270
210 194
1122 2025
729 629
3020 3804
437 411
4914 6089
2788 3540
611 810
487 462
633 818
631 928
4156 4911
341 378
360 365
2783 3338
4569 18827
5284 6110
937 1272
590 689
2885 3453
719 791
634 915
808 1473
701 932
313 310
829 1139
4213 18031
339 305
181 171
19366 18900
3072 3781
477 423
4603 5189
3064 3720
2956 3681
1257 1401
18870 18390
592 602
2950 3783
19005 18545
299 303
233 208
528 453
201 186
2903 3630
240 237
337 337
3609 4713
1659 1811
1150 1672
1054 998
192 165
1375 1862
573 539
2996 3999
2697 3326
540 655
1931 3112
4532 6719
2413 2963
370 353
601 676
226 170
512 479
1469 1901
574 556
2452 3238
235 189
389 407
669 985
2731 3423
1183 1265
196 188
2148 2780
680 821
330 316
382 435
754 706
3303 4204
228 220
2492 3392
3071 3972
2880 3849
208 201
559 551
4718 19204
906 1260
4668 18444
3267 4428
2526 3400
222 217
3977 5404
572 583
220 230
2058 2556
3734 4796
2090 2692
914 911
1785 2405
412 417
3218 4411
217 174
1992 2975
2135 2682
787 1128
380 341
4443 5045
238 239
19595 18371
2080 2491
249 321
7240 7044
520 542
5229 18295
1544 2738
1671 3015
4256 4720
604 789
771 1157
2038 2406
2441 3218
3332 3800
1906 3190
1416 2638
19528 19431
501 517
4034 18199
3670 4306
843 856
897 851
2838 3690
293 283
761 846
2900 3560
471 584
954 1487
311 273
773 643
303 313
841 1059
5573 8243
19232 6959
1225 1154
722 805
2890 3716
281 251
803 987
2185 3130
298 276
3553 4530
2603 3312
509 387
887 1271
2379 3281
1140 1994
257 255
19825 18883
215 210
4593 5852
4026 4565
2102 2510
256 243
399 749
4000 4552
1037 1694
483 421
273 264
651 688
6911 7606
496 525
660 671
377 351
2726 4048
4864 5989
2640 3626
381 721
1727 1649
585 714
453 375
302 267
3420 4608
3816 4482
2787 3450
4214 4930
2278 3282
1178 1351
2868 3655
1275 1144
305 327
418 391
374 743
295 285
1116 1257
2769 3901
2820 3529
3380 4950
264 258
290 298
3105 4143
460 681
489 460
424 368
504 415
768 910
7241 7870
698 1958
3690 5854
4520 5033
3997 4833
4677 4994
1730 1861
315 297
19622 18762
672 771
300 288
1480 1447
2289 3246
4711 5312
3986 5559
19306 18592
331 325
642 701
1133 1817
1236 1525
2710 3871
864 2186
2091 2817
2124 3227
3001 3876
288 271
275 291
18912 18981
5417 18501
387 356
4425 18361
356 342
388 718
2806 3353
4790 18708
397 439
318 262
2957 3807
516 442
1487 2370
3815 4487
1947 1971
2184 3247
584 1103
4124 18052
2659 3491
655 808
3877 4992
3204 3978
4642 18364
995 1108
1479 3210
348 300
1769 2602
4649 6460
1428 1887
3604 4632
1856 2695
410 371
5569 18163
4109 5299
4487 6515
1276 1522
1993 3379
3057 3658
6645 10750
2471 3536
684 848
3213 4354
3283 4158
1762 2518
568 678
716 756
3796 4137
18940 18647
3777 4925
3746 5090
4388 5285
2264 2998
1639 1581
4688 5080
446 382
1683 2331
3633 4523
4304 4628
4328 5768
3736 5059
4049 4878
2555 3603
343 302
19625 18387
691 1731
4126 18794
2158 2930
469 433
4137 4846
4081 4919
5038 18636
7181 7909
420 372
942 1080
1115 1331
5158 18061
3085 3985
713 798
1621 1885
2134 2436
2581 2882
3798 5436
1698 1573
3797 4662
2096 3267
4252 5193
2374 3606
1598 2074
4217 4775
4019 5308
3706 4469
1223 2454
546 499
6684 6587
5139 18514
3657 4672
3137 3809
1241 1851
1033 826
2265 2909
3990 4656
2345 3035
6035 8348
4162 18663
4831 6437
4606 18249
2153 2435
917 922
5673 18748
661 604
2733 4865
5430 5908
1475 1996
1168 1031
544 529
2973 3596
1561 627
2547 3155
553 519
4529 5232
2819 4382
543 495
3007 3726
5969 6123
442 388
18951 18220
19202 19317
1572 2361
1413 1932
1056 1120
409 394
710 507
673 859
1234 949
837 608
3100 3764
2666 4060
2024 2822
1612 2352
3172 3748
2896 3465
1502 2090
526 594
18938 18671
2786 3522
4022 5721
987 1054
279 277
2171 2748
2478 2606
18963 18449
4739 18074
551 555
3179 4120
3836 4947
5224 5717
2035 2773
721 666
3756 4522
595 508
845 782
4409 18225
1104 1261
367 359
5534 5355
664 735
4240 5433
3456 4938
454 422
2212 2743
4346 5163
2255 2640
2314 2838
905 976
3437 6081
613 661
429 449
904 929
708 617
948 1896
507 386
5375 5309
4160 4909
4973 5996
18895 18332
670 728
1188 1130
666 695
788 763
4510 5075
2558 3177
3809 4513
2113 2977
484 488
431 399
2381 2976
2094 1963
395 374
4446 18872
2371 3360
3500 4132
1869 1340
972 861
1102 1024
1845 2818
3259 4018
3875 5277
801 656
4471 7730
19125 6369
3212 3891
18886 5991
1717 2700
1202 1316
726 622
18980 18747
7726 8246
4679 18274
779 577
3801 4030
3201 3717
1025 887
1155 1023
2132 2494
956 934
882 1051
2145 2732
1030 1046
3784 18202
762 640
4080 4809
2002 2572
3195 4012
1091 903
2461 3016
699 600
3136 3908
4389 18324
679 538
940 814
764 683
958 855
4083 4638
746 611
858 751
2485 3059
805 653
997 893
1167 990
2081 2758
2523 3195
999 963
19818 19857
6134 8465
753 574
688 709
1118 1092
744 639
1149 1072
712 463
513 441
2650 2721
2850 3664
1499 1360
777 527
920 1169
1315 1444
725 501
959 741
18941 18426
6291 7695
628 609
18979 18303
2123 2424
3666 4814
806 885
1127 896
8349 8701
1724 1826
1022 901
623 457
1256 1185
3133 3355
510 469
687 610
909 971
853 880
9430 14613
3607 3979
19309 18248
598 586
826 652
636 648
1819 2506
1567 1632
19260 18577
856 781
19685 7679
727 658
831 599
668 634
928 1033
5974 6053
689 616
1001 752
861 802
755 719
3188 3968
678 597
607 649
839 776
1398 1047
3284 3415
823 888
6891 8636
1468 1423
3499 3964
784 632
618 496
2141 3243
821 729
742 703
19444 6421
2103 2525
626 514
3378 4106
785 734
2164 2848
2352 2620
5503 5716
970 713
3306 3954
1285 1164
3099 4047
578 544
2244 2824
1576 1484
490 452
5270 4917
19766 18758
910 738
3293 3947
3812 18346
3978 4401
682 565
964 863
19246 19793
1261 1398
984 933
4143 4139
3523 4368
827 905
1755 2033
1820 1669
19237 18505
1245 2362
2593 2490
5008 5038
2807 3176
610 561
522 472
732 564
1177 959
1630 1783
1061 1050
993 786
1344 1643
888 759
1641 2094
616 530
1067 1071
1220 966
781 725
812 665
4598 6084
640 491
1805 2444
6343 8797
1306 1931
5740 7776
1533 1843
2004 1807
1109 944
619 606
5861 7631
4840 18243
19206 18423
1208 868
1124 960
18977 18802
985 1034
1393 1673
1222 1691
652 563
532 485
739 631
1616 2163
916 767
19099 18466
1163 1055
1085 894
18883 18348
1209 804
556 559
935 800
1131 945
1046 1442
851 926
749 693
1240 1880
2668 2891
1313 1495
2089 2654
2958 3631
1392 1436
621 545
1203 1097
1100 1045
1103 1221
1507 1502
609 576
1132 1115
989 1052
1136 1078
2282 1935
1436 1200
1004 1043
1384 1890
881 697
1800 2120
19590 19465
4337 5180
1738 2148
1981 2191
817 685
1039 839
2911 3702
1965 2708
19577 19728
938 773
1995 2489
859 731
3699 4185
3902 18164
955 762
1065 837
1703 2081
1018 876
1174 1237
949 717
5210 7686
1084 1214
5062 4943
1252 1446
1069 889
1269 940
6502 8685
7608 8229
974 902
1263 1796
992 865
1165 1125
2121 2603
1077 1061
766 595
800 917
2507 2617
19870 6074
2702 2670
18955 6142
1147 2230
587 380
2325 3198
1376 1474
3585 4058
894 770
2239 2350
1494 1874
2652 2470
1902 1615
1006 899
6121 6048
1059 745
19148 5609
4618 18496
1308 1179
4584 4959
2667 3385
1400 1084
1523 1314
1380 1109
2719 2674
1623 1962
4725 5526
775 825
1798 2022
4870 18264
2259 2834
2985 3233
1009 765
1414 1414
952 755
875 828
2394 3192
1158 942
2915 2887
756 686
1397 1530
1049 1068
1390 1352
1021 757
1311 1592
2144 2583
3964 18146
19353 18772
1410 1600
1231 1334
1027 724
976 816
1430 1449
1562 1370
1437 1531
1672 1864
5559 18629
1644 1869
1139 1041
1638 1628
2219 2374
1048 1267
2377 2669
1238 1010
1287 1399
19704 19188
1070 913
2386 2904
1153 1207
4527 4510
1094 892
1156 1242
3005 3933
891 973
1212 1076
1564 1418
1249 982
4202 5468
1121 1088
1539 1564
3070 3361
1341 1012
5563 18811
3206 4198
3028 3920
2119 2280
818 635
2561 3019
1199 1057
2387 3034
1425 1220
18956 5793
1026 989
1858 2257
3022 3581
1204 1231
12089 7507
1321 1070
19485 5777
2181 2755
2372 2898
1303 1136
1198 1190
1826 2169
2437 3124
2252 2873
890 970
3436 3860
2736 2696
1331 1029
2578 3004
2701 3185
1520 1404
1213 1008
1511 2287
2518 2793
1915 1707
1031 875
19680 5846
740 737
4371 5028
2493 3010
4161 18112
1092 1285
1707 1681
19692 19243
921 793
1051 1073
1980 2016
1023 841
1193 1118
1929 1909
1538 1319
1753 1171
4023 4980
4766 5086
1940 2462
2454 2926
1676 1769
1488 1018
1566 1239
1372 1001
1457 1636
2226 2757
1569 1426
798 572
1549 1339
2842 3434
7285 6999
1759 2106
1898 2024
2676 3327
1307 1338
4932 18183
2106 2440
1536 2582
902 871
7600 8893
1876 1705
2946 3758
3684 4791
1340 1519
1599 1140
1419 1594
4687 4800
1642 1275
1604 1795
1379 1049
5343 5240
1200 1065
1635 1311
1920 2311
1842 1565
1809 1798
1080 835
1251 819
2789 3307
1542 1240
19191 18689
1034 878
4268 5218
1464 1280
1087 1096
946 1025
1789 947
1508 1878
1584 1671
1829 1891
2054 1979
1089 870
3525 4502
1774 1848
1990 2080
1078 1146
19319 19419
848 918
3735 3810
5720 7013
2045 2214
886 975
1110 967
1788 978
2006 2398
1935 2092
2556 2849
19688 6311
1864 1296
907 961
1694 1295
1978 2184
1942 2030
870 908
1731 1824
1765 1386
2007 2283
1531 1759
1936 2430
1530 1647
923 831
1449 1745
1896 1921
2502 2908
1443 1205
4402 18166
1647 1493
2882 3550
4142 4892
3724 18238
868 1104
1369 1222
1467 1599
1751 1621
1244 1197
1834 2279
1505 1915
1152 1151
1831 1697
2062 2387
1433 1536
2963 3571
2011 2597
4609 5014
3336 3731
2117 1802
895 1066
1295 1439
5449 18279
4600 18147
2641 3562
3275 4053
1042 1393
2724 3237
4460 4759
1137 1381
115008507 507164790
1
sift 169
4440 5585
126 161
195 264
3002 1692
111 123
285 169
2238 1395
361 491
1483 1991
3258 4498
187 299
3108 4572
313 321
692 1187
540 418
346 390
479 549
2784 3270
3685 7443
2148 2054
4473 6428
1183 1247
2606 2948
1895 2117
235 414
197 450
2527 3341
3498 5847
897 1013
2135 2168
460 600
2290 2205
402 740
2080 1927
258 269
256 258
1116 888
273 279
7277 10884
774 981
295 292
1225 1405
2091 1791
1323 1662
302 298
2801 2980
2820 3124
356 386
300 282
359 350
606 1232
288 268
4630 7638
331 367
305 822
446 323
565 478
1762 1710
3204 3567
2791 3308
2491 2705
1480 1364
2768 5479
1428 1652
348 412
403 400
3943 5410
3190 3581
2034 1571
420 365
3095 5279
546 505
2901 4237
1622 1516
2547 2788
1052 1731
409 417
5139 19635
917 1094
987 969
1168 1234
3097 3312
6918 9364
395 410
748 1437
3151 5536
431 459
368 523
1053 876
3652 5338
595 1466
2486 2532
1234 973
2850 3563
1064 857
2241 2371
699 830
1613 1949
4079 5235
2758 3449
1315 1489
837 1702
1724 1454
688 686
872 1163
839 1060
969 1843
3133 3017
599 655
4764 8909
1407 2060
1167 1292
1869 1341
689 724
856 920
490 540
2123 2541
1567 1569
778 882
2352 2086
623 828
727 949
610 687
765 1238
618 773
522 557
19010 19528
687 1090
3680 4732
677 1184
965 986
2294 2284
2279 2147
1739 1948
609 702
627 954
993 1144
1001 1484
749 753
3465 4525
881 919
2763 3625
766 816
732 827
1208 1010
910 994
992 784
859 1003
1077 1195
621 771
1392 1667
1801 1612
2136 1487
6246 10132
1923 1674
1436 1532
2618 2651
876 863
1069 1258
2239 2175
19594 19707
1095 855
1121 1303
3138 5343
1341 1124
5044 18582
1538 1226
2467 2007
2888 2836
115008507 918342931
1
sift 673
4009 5262
1653 2797
76 47
1353 2505
284 252
68 48
3385 4658
2039 3059
110 89
3140 18675
3276 18715
126 99
1300 1798
77 45
3181 18693
361 456
272 261
4591 5480
94 77
1054 1620
362 443
111 81
2745 3460
80 56
754 889
2864 18633
155 119
3036 4224
103 80
2135 3186
1483 3180
134 113
2499 2781
171 124
2090 3210
825 1371
130 90
7422 15944
2553 3260
1914 4249
590 1853
189 157
149 138
2080 2998
1050 1419
364 363
161 151
2038 3039
2886 18545
530 739
234 219
897 1520
3818 18713
214 143
262 249
773 987
528 667
2773 3587
2923 3934
1728 2507
836 1368
355 316
1187 2354
1730 2369
4718 19013
312 276
141 118
3084 18575
1183 2189
2661 18501
405 335
3530 18703
19231 19601
1535 2668
2689 18534
1428 2338
1225 2246
183 110
369 362
2752 18497
5417 18895
218 172
324 284
3085 18623
1116 1572
358 470
125 101
1824 2380
2801 18554
3108 18651
140 126
4351 18780
5665 19101
385 317
163 167
1234 1407
2218 3111
118 130
834 903
2478 2948
3997 18747
457 338
136 116
2314 18465
1956 2756
172 148
2788 3806
4155 18741
1115 2158
132 131
2944 18615
5389 19486
1640 2271
341 333
3414 4345
1869 2348
3315 18632
353 274
3175 3730
4873 19125
917 1286
537 714
611 720
753 764
19372 19277
270 204
1716 2759
1064 1581
1168 1661
18870 18817
1327 2585
19539 19566
4409 18867
830 1903
937 1399
5051 19096
1796 1725
329 303
210 218
4870 18873
19252 19091
437 555
541 438
1066 1274
5375 7112
313 287
299 207
19358 19554
19520 19578
2887 3893
2783 3725
992 1193
2089 2445
741 498
4990 7518
976 882
3097 3835
201 210
2956 18597
19104 19602
3978 18663
719 1032
477 501
2211 2906
3145 4206
1841 2782
3037 18565
1510 2157
2030 2413
337 313
4768 5241
1820 2023
3064 4027
592 825
19076 18965
601 653
389 398
2353 3086
196 168
382 413
2336 2858
191 190
2881 18611
1075 1650
330 286
208 181
5377 5287
680 866
906 1089
2121 2676
2527 3603
223 195
2144 2533
249 260
235 225
2761 3250
3399 18821
2606 18506
6330 19823
228 201
3893 5148
949 1042
550 434
412 393
2136 2620
566 710
4127 4544
2417 3116
1140 1710
604 587
1059 1084
520 557
3397 4267
1269 1628
2838 18574
4629 18865
19619 19971
4034 18885
5229 19341
4600 19158
3420 4307
293 271
217 226
215 162
761 887
263 238
3553 18710
257 215
809 753
3598 4445
3639 18811
310 296
305 268
273 234
651 994
4214 18746
256 248
483 483
18896 18919
3479 4161
315 250
290 236
377 408
3308 4120
5838 7236
302 265
418 411
642 522
2091 2775
3105 18680
1223 1050
275 235
1133 1758
503 426
4087 5343
3633 4146
264 245
19442 19753
300 263
672 728
331 302
2264 3275
1560 2418
509 569
1740 2098
3604 4609
288 243
356 307
3815 19021
4997 19221
387 355
2024 2027
1275 1826
3777 18751
1496 1934
657 572
19180 19526
410 366
18940 19043
318 267
1480 2342
2158 2848
348 315
18912 19519
656 821
1762 2815
516 560
446 390
942 1039
4304 19017
1926 2602
5103 18907
420 353
5716 19365
1827 2541
713 760
3584 18676
3797 18687
4688 4875
6241 6017
1612 1915
1845 1251
4019 5037
409 320
18894 18945
19192 19703
1413 1469
546 512
3007 3987
2134 2744
1033 958
280 233
4595 7113
1113 1145
2594 3208
983 1013
3100 3968
19084 19084
1875 2311
2381 3090
673 762
431 318
429 356
542 617
987 1083
484 389
2325 2253
3809 4454
710 559
3172 18677
980 1343
396 323
845 842
443 469
2786 18581
595 602
671 639
19260 6392
5040 18806
904 917
614 691
788 766
2516 3083
1202 1404
1283 1704
972 824
1500 2193
721 832
507 429
3990 4387
708 680
3483 4401
882 1103
6185 6344
1030 1289
726 610
997 893
1245 1323
679 530
959 665
762 613
744 533
764 656
805 608
1091 1261
1361 2451
806 702
2094 2639
1025 984
1149 1099
779 606
746 620
513 452
2104 2623
1613 2074
688 645
510 414
958 829
699 646
838 1455
801 767
940 886
4079 18711
858 746
2850 3814
1118 1197
999 1113
3635 5098
1555 2625
1167 1300
5424 7993
928 899
1256 1299
777 562
687 609
1263 848
725 581
909 913
823 681
1995 1940
19426 19155
831 540
689 588
861 786
1315 1988
1724 2450
712 531
1499 1968
623 504
1173 959
1022 982
856 695
4680 19321
853 950
490 401
678 541
755 694
826 692
920 1642
4355 5187
522 405
19237 19483
1567 1672
727 644
1468 1563
839 924
2650 3143
4171 5381
683 527
626 543
610 518
578 503
1285 1188
5532 5170
4444 4886
784 622
3541 4492
618 544
1398 1312
19590 19767
19477 19951
970 775
3585 4043
1001 946
1534 1949
2793 18531
984 819
1805 2635
2383 3193
1350 1536
1061 1059
964 854
640 506
19404 19630
1046 1433
1392 1648
1163 993
827 1048
2946 3487
3364 4468
751 1306
2595 3022
1576 2167
781 704
812 631
916 792
1177 1127
1393 1752
993 742
1123 1108
619 575
851 1029
738 651
1109 949
1203 1076
1132 1180
1048 741
2593 2967
1208 986
1103 1601
621 513
1085 863
1131 1062
1511 1621
800 745
1067 1090
18956 5136
1800 2374
881 677
936 940
1436 1257
1703 2216
1252 1528
2708 2966
859 685
1209 939
2867 3228
2004 2395
1039 916
1507 1569
1738 2313
19728 19531
817 663
1006 895
6502 6860
2282 2652
955 752
3710 4275
1376 1416
766 623
1077 1133
1228 1431
974 798
3496 4032
1069 830
19353 18930
891 737
1798 2237
1355 1292
1673 1330
756 612
1040 1161
1400 1126
2239 2584
1308 1216
1550 1451
4367 4958
1049 990
4420 4643
2863 2996
3923 18718
875 860
1287 1321
1238 996
1172 1434
952 794
7661 6073
587 421
4338 19098
1009 735
1397 1892
1092 1480
2702 2997
1158 1152
894 912
1564 1694
1414 1738
3973 4961
938 1164
884 1071
818 634
1331 989
1380 1301
1307 992
1021 697
1070 1008
1321 1035
1121 1156
1539 1744
4765 18790
4622 4982
2719 2968
2386 3101
1303 1200
1410 1942
1026 929
1139 1144
1027 770
1437 2058
1212 1241
990 683
740 725
1430 1799
1198 1347
1390 1867
1249 1131
19691 6436
2437 3112
1106 1460
1340 1361
1374 1577
1488 969
1644 2201
890 998
4627 19434
1563 1961
1023 722
1213 1094
1051 1075
1692 1699
886 670
1031 874
1569 1778
1707 1696
2518 3091
1341 1179
1193 1157
1424 1662
1891 1928
2535 3217
921 778
945 754
1979 2422
1676 1812
1372 1229
1604 2078
1391 1507
3003 3551
1599 1562
1809 2007
1537 2088
19275 19420
1154 2060
2915 3232
1251 900
4247 18702
1721 2107
1542 1554
848 751
1549 1806
1034 801
1936 2528
1464 1172
1089 816
1530 1612
1584 2053
5449 5888
868 806
2045 2331
798 603
1379 1159
870 813
1829 2144
902 1027
1934 2330
1080 850
2794 3439
1538 2081
1753 1409
4609 5217
907 961
1087 1056
1990 2538
2418 3082
1182 1639
1531 2069
2131 2650
1731 2162
923 937
1110 1058
1595 1748
1473 1444
1508 2384
1433 1912
1694 1941
1978 2363
1295 1622
1443 1402
1635 1951
1244 1522
2062 2589
1788 1337
896 857
1152 1256
2502 3281
1369 1394
19156 5703
1467 2000
1834 3052
1137 951
1789 1362
2186 2321
19144 19283
115008507 1225063957
1
sift 58
2338 2751
6687 7209
596 658
2080 1835
355 353
1451 2383
369 382
914 903
709 719
834 1546
1225 994
3354 4927
385 607
774 1049
602 639
3071 3949
1947 1252
353 603
680 1035
3348 4241
425 630
313 494
19372 18485
2880 3772
382 457
3242 3895
3267 4544
3397 5437
3756 5512
315 279
302 266
1269 3200
3753 6259
3815 17460
2091 3021
4251 6693
3797 6469
409 713
4340 6821
367 495
2758 4007
18949 2068
1195 1309
2232 2801
2486 3933
396 1014
3541 5237
1645 3240
1163 1874
598 2418
757 2179
3265 4665
3724 5509
19348 18855
18901 17859
19636 18427
2918 3764
3876 4886
115008507 2029785837
1
sift 767
2444 2872
123 189
67 37
1492 1905
284 185
45 24
2338 2923
2563 3304
73 42
361 312
153 117
4032 19758
524 1718
126 90
400 326
110 79
605 3303
272 222
796 1207
292 258
2530 3428
77 34
1469 1829
205 112
1697 1697
111 75
1183 1616
224 174
1653 2002
127 109
787 1313
81 76
2233 3378
155 136
2090 2969
116 71
2039 2601
130 81
4957 11322
171 121
1652 2616
282 172
1277 1285
160 167
2312 917
364 375
1116 1504
596 645
2430 3421
104 126
2752 3344
234 188
2924 4200
166 123
3242 4061
2602 4414
3643 7060
1187 1830
1522 1659
3253 5560
3740 7045
286 216
2581 3259
296 231
3233 5215
449 480
1807 2508
1535 2245
2190 2862
1513 2297
3756 19687
2689 4462
2574 3452
369 341
4078 11061
1353 2023
1711 4167
358 411
2353 2833
324 269
2286 3356
2661 4676
2414 3473
385 318
3367 8633
3108 4655
2668 3615
1763 2416
3803 4642
2864 19666
3357 4329
405 477
3442 5156
151 140
152 187
834 939
1716 2147
3289 5266
1441 1952
354 156
139 147
537 572
124 133
360 270
118 139
692 1069
2677 4133
3414 5857
242 275
270 272
341 330
729 1039
457 398
2944 5583
329 263
830 1726
487 481
3020 4440
1122 2619
456 1076
313 285
477 454
339 303
2950 4547
548 1220
4156 9830
3064 6731
590 2182
4237 9885
630 1506
592 530
4914 10478
425 488
611 1815
631 1555
233 229
3653 10145
2956 6001
633 1558
437 1036
4257 8711
389 448
3071 4499
337 570
1117 2791
2880 4219
3302 6399
382 378
634 1798
386 359
574 532
829 2034
1227 1971
240 244
680 951
330 291
572 438
754 771
906 1323
531 489
2526 3846
523 431
221 203
2323 4032
3267 19685
208 212
836 1498
222 226
1785 2634
2199 3657
412 462
493 405
520 457
559 1363
2413 4156
2838 4104
2697 4536
19712 12171
192 278
2135 2757
2080 2583
453 232
761 707
19029 11742
226 250
1375 3032
2038 2786
4034 9206
215 162
4107 9301
293 262
897 1008
238 292
501 632
2890 4532
773 869
217 252
2820 4191
3334 4855
2102 2794
257 220
1225 1589
4516 10413
4629 10113
281 281
18896 10825
3679 6634
256 227
525 403
1560 1562
2365 2939
1727 1863
273 235
703 726
1141 2901
3397 8255
315 233
4172 9331
2321 3379
1275 1101
2844 1773
4121 8713
4000 19760
302 253
3105 4898
3494 6238
275 208
264 223
3204 4682
1133 1438
305 396
642 614
841 1919
2091 2758
2787 4464
672 636
1769 2569
584 781
2027 2993
303 393
377 537
3729 8569
1480 1550
662 606
300 266
331 307
2264 3271
2868 4934
504 634
403 274
18912 10769
509 684
4109 7446
995 986
496 1235
2801 4609
483 935
3777 5951
651 1881
288 249
6153 12269
356 321
387 350
887 2350
318 240
3746 7118
5239 11320
4997 11250
1487 3016
3815 19718
5417 10535
462 1128
460 1554
410 354
568 612
1947 2198
3423 6408
3041 5240
5038 10664
295 401
348 313
1428 1945
1926 2238
1740 2558
290 432
2034 2362
450 1213
2806 4346
4656 10068
3347 6213
3584 19707
397 621
1639 1888
1762 2348
3943 10264
2491 3899
343 290
2158 3600
3095 7040
446 373
516 660
420 362
4304 19721
1236 3207
1997 3187
3797 7836
6347 11269
1622 1977
3395 6019
3085 4444
1691 4124
4850 10574
2879 5027
3137 4208
4501 9297
4162 10648
2521 3358
4446 9181
1164 3059
546 494
469 562
5441 11049
3007 5006
2822 3258
3315 5670
3236 5605
279 218
409 342
717 2146
18938 10405
2547 4168
2322 3543
673 762
2024 3679
367 304
1881 3226
1276 2845
3100 6657
1168 1185
4831 11248
2265 4050
454 357
1112 1316
980 1215
1475 3010
845 772
942 2267
2594 3594
4340 10906
1598 3633
3940 8708
4680 10217
2670 4345
3263 4576
4244 11764
19459 10902
837 797
2478 2851
665 611
987 1475
431 344
4389 9999
396 309
5091 9846
3286 6477
3160 4614
710 720
4696 10536
1908 1998
1107 2314
904 799
507 365
2314 3240
595 664
788 861
708 522
2371 3710
2758 4102
2255 2998
19581 11807
4739 19899
645 1270
762 491
688 610
764 721
1155 1284
1025 739
1202 1664
958 844
721 975
779 528
552 881
699 499
513 382
3212 7640
959 618
3157 6646
882 1191
1030 1455
805 553
19081 11391
3949 8792
1091 1209
726 656
940 747
3812 6965
1118 827
679 516
997 864
712 423
2897 5018
3172 19737
2141 4091
746 560
3338 5494
18925 11808
2232 2751
867 1522
806 824
1056 2483
1102 1705
1167 1142
1148 1013
3364 6809
19112 11282
442 751
842 1026
599 474
1501 3335
2164 3675
18979 11401
734 1116
801 1042
1127 829
1074 2800
687 514
725 478
777 497
19877 11029
2715 3724
1499 1265
6358 12593
1315 1668
429 821
856 749
677 544
853 670
1256 976
623 426
2132 3765
823 874
909 833
1567 1439
2249 2520
928 920
510 468
1724 2139
1641 2079
1468 1454
689 543
1061 902
1398 925
1104 3324
861 756
2017 3595
755 596
676 641
831 571
1001 885
727 623
826 668
1022 1121
671 1854
968 1379
753 683
970 580
784 527
839 753
827 836
626 472
490 385
920 1953
984 710
964 978
618 501
751 768
522 415
3902 9264
19068 10941
1109 838
1377 2077
1350 1717
993 790
3245 6318
3541 5630
557 433
532 410
1285 1113
1805 2505
2004 1545
1177 1104
3439 7068
610 535
1392 1804
2573 3584
2593 2777
1576 1671
4721 11403
1131 971
1220 843
935 666
812 590
736 600
1245 2536
1163 1020
2282 1965
1800 2066
609 518
578 643
1738 2114
18901 9858
18880 10100
977 630
1209 922
1203 960
1085 775
1103 1182
851 868
1796 2427
1123 1003
4575 9688
2123 3117
738 581
2507 2304
1703 2086
619 588
782 741
621 490
859 692
881 712
1132 1320
766 602
1039 940
3585 9498
18977 11419
955 755
1252 1442
1308 1018
1965 2725
1069 886
1077 1154
817 669
800 930
18898 11044
2652 2545
1665 2220
749 808
974 812
4929 10345
1172 1000
2239 2186
1006 830
1820 2342
3978 9662
938 736
1231 1045
1065 876
894 691
1349 1929
2437 3572
587 368
1410 1755
2200 2877
1755 2929
1040 1155
2386 2892
2647 4492
4143 10191
4275 11536
1158 1080
1299 1282
2719 2683
953 675
1049 959
2842 3832
1793 2445
1399 1090
1009 615
875 987
1026 931
2261 3747
4338 9490
4627 10221
1380 1309
976 689
1414 1609
1307 851
1540 1411
949 805
2031 3092
891 889
1070 795
1397 1792
1488 541
1981 2802
1419 1604
1920 1484
4933 11293
756 677
1321 1350
3923 8116
1092 1336
18921 11021
3767 7956
4686 9853
1106 1169
1059 816
2387 3227
1079 625
2882 4574
1094 758
2561 4326
1737 2686
1051 698
1565 1175
1021 729
2620 3586
1340 990
1390 1345
1562 1646
1269 1171
1213 782
1238 1106
5579 9734
1027 703
1374 1395
2807 4610
2377 2898
1539 1527
1199 1136
818 647
2121 3257
1121 1131
1569 1183
1287 1760
1232 1119
1376 2214
2518 3067
1781 3414
1995 3735
884 1372
2619 4396
1759 2159
2535 3235
1331 1019
2538 2673
1303 1130
1198 1231
890 967
1341 957
4725 11940
1289 1493
1193 929
1424 1250
4432 9760
1839 3146
1023 1016
1372 1322
798 476
1604 1840
1707 1963
740 743
1318 1165
1391 1221
2198 2327
1795 1330
616 1857
7459 11656
1584 1665
2418 3352
1067 2582
1692 1790
1523 2990
1549 1206
921 884
1031 852
1251 860
1449 1162
1979 2330
1263 3198
1078 949
1537 1612
1676 1603
2439 3968
1464 1400
3257 3688
1542 1596
1089 896
1530 1880
1936 2284
2181 3898
1809 2092
2502 3466
1536 3397
1379 1304
886 834
1538 1486
1912 2101
1080 846
1753 1590
1720 2276
1638 2593
1048 2600
848 809
4250 6971
1829 1873
1531 1520
2054 2496
943 933
1295 992
1934 1961
1034 943
870 964
868 1002
1789 938
1990 2055
1443 1348
1731 1783
1244 1068
1508 2031
1110 1047
1788 962
2219 3518
2045 2043
2062 2224
1142 1040
1087 1083
1842 1730
1316 1188
2417 4049
1624 2223
907 1043
18928 11568
5343 10751
1433 1683
1152 1037
2356 3690
1467 1691
2269 2784
1369 1366
923 1197
2217 3113
2186 2254
1041 1091
1694 1967
10130 12404
1137 1279
5657 11561
2979 5412
1473 1694
2018 3225
3411 9043
2068 2567
2982 4026
2316 4013
1690 2183
4460 10049
317013107 507164790
1
sift 356
8846 9914
4767 3575
3607 2410
289 245
5125 3527
88 161
2161 1020
94 193
4412 4461
91 170
2879 2029
86 123
796 552
58 102
5661 5096
229 137
4337 5857
177 260
2681 1794
4744 4755
414 328
534 635
3345 2092
299 341
151 147
4129 3476
2087 1456
413 389
6921 7237
144 218
532 736
354 737
5369 8681
3466 3413
2047 1676
8607 9875
142 155
1246 1446
979 1189
137 140
7299 10539
2251 2038
2480 1941
235 355
474 396
164 259
2513 1389
4473 4157
326 270
343 445
3535 2439
2623 1991
1473 742
90 180
3219 2309
2547 1926
3179 2056
119 248
3863 3808
7260 9151
6365 8068
247 488
3011 2633
3883 3689
2739 1254
102 274
2987 1523
4417 4572
3226 2144
436 584
3202 2707
309 322
3238 2176
303 299
3208 2726
424 549
7031 8656
1139 1087
3388 2480
153 428
6846 8748
3337 3270
3482 3169
18373 18686
2452 1345
654 419
19845 19839
111 354
8801 9301
722 862
3700 3459
10952 10146
2324 2258
523 974
3112 2316
3995 3641
2780 2054
3502 2876
1811 1896
3721 3669
584 416
3843 4014
3470 3040
3218 2438
556 729
4093 4021
1342 832
2175 1564
2933 1626
7318 9215
1862 1659
704 835
1487 1042
1264 1248
3281 2374
4576 4344
4623 6592
2975 2013
3608 2849
3523 2943
18424 18515
3015 2270
4544 6014
2963 2691
2738 2031
1162 1009
189 414
5943 7682
9076 10002
821 1081
3190 2277
2682 2168
4411 6096
5302 7040
573 993
4964 4651
4609 5454
187 450
3130 2224
3871 2868
852 1012
4306 4817
6185 9953
1353 1608
6726 9466
3519 3164
3401 3341
4159 3688
5136 7468
2491 1927
444 509
5110 4453
3352 2948
3824 3829
7951 9612
366 609
3491 2778
743 648
1154 1405
19667 9839
4708 3969
670 747
243 258
3247 2001
643 980
254 269
4048 3818
264 279
4147 4628
3807 2850
3972 6206
5598 7128
3911 3801
1257 888
1563 1112
12018 11705
4989 4376
421 744
18576 7821
267 298
3901 3507
8383 10241
4986 5808
5251 4761
4376 4950
2817 1791
231 1036
7255 9126
285 292
771 838
3603 3023
287 281
525 706
4430 3674
271 268
342 386
3935 3041
4521 4890
276 638
3378 2660
4158 4646
448 1096
4556 4450
3756 3508
382 323
4040 3964
4009 4082
4143 5297
5297 5841
1447 1364
1887 1652
4606 4849
291 301
681 600
6267 5851
1929 1375
1698 1496
5208 5913
1004 1347
300 412
3267 2088
327 822
1364 1331
18557 8107
2518 1710
505 1129
4670 3998
1582 1201
1885 1517
4823 6308
471 576
3511 2980
6515 7228
3950 4537
6651 8601
18562 8489
372 365
18514 19635
4865 5142
1993 2594
499 505
6613 8443
18507 7054
18304 6225
19822 8085
3215 5249
2453 1688
7202 8456
3985 4973
3353 3110
7950 6419
4941 5421
1573 1442
8410 8812
3155 2788
1031 1234
12457 9129
922 1094
5016 18742
698 877
550 608
1054 969
5212 9689
394 417
3748 3841
3794 7462
3522 3516
4536 6146
4826 6433
929 812
373 409
1189 1654
2086 2676
399 459
1121 1596
5204 4047
1211 997
6882 19640
3445 3289
607 1703
1340 1341
1444 1489
3664 3563
601 831
622 948
508 1466
2585 2315
1826 1454
2663 2072
777 1061
1457 1963
709 686
4811 5238
4802 6182
965 1014
615 725
526 882
2620 2086
780 921
641 1296
1963 2356
1632 1569
496 773
452 540
5413 19126
574 970
18503 18594
658 949
864 986
514 955
610 1090
3992 4672
3654 3412
2147 1948
576 702
693 753
868 1010
1032 1371
3715 3347
564 827
595 816
806 938
697 919
664 928
545 771
685 953
731 1003
2119 1612
3249 2910
3988 4207
1758 1147
1200 1532
1543 1118
5831 10132
1178 1503
8027 9585
1844 2611
889 1258
827 863
1152 1077
1036 893
2669 1967
902 1207
1012 1124
18106 18658
1088 1303
5873 19188
5164 7982
875 979
1319 1226
1279 1299
1287 1674
1766 1833
18124 5216
2512 2007
3674 3112
317013107 918342931
1
sift 815
2790 3200
3187 18561
55 52
3811 18678
674 3410
59 47
4353 18730
2236 3002
52 48
998 1620
252 251
88 99
1684 2829
3559 18575
94 89
704 890
334 456
280 311
18004 18828
1303 1886
71 77
1162 1732
4129 18715
198 170
3206 18497
57 57
2692 3210
3768 18633
256 208
1942 2924
146 124
2682 3186
3236 3982
110 90
4333 18877
225 128
2556 3203
689 1510
3409 3260
19656 12311
428 363
2491 2998
4911 5228
159 192
18072 19631
206 219
444 496
722 1753
3634 3587
3732 18619
708 739
2406 3039
453 667
362 316
2699 2934
3875 3934
851 1520
1318 2021
3466 18501
2062 2609
2149 2354
643 987
1265 2189
299 317
19171 19901
332 276
1648 2507
580 662
2547 2668
2633 2781
361 338
3876 18694
1154 2246
3386 18534
3269 18555
1908 2087
1887 2338
1257 1572
390 362
549 482
1861 2369
4833 18747
343 284
364 470
1698 2406
1580 2271
4417 18651
1000 903
3985 18623
3511 18554
3804 3876
90 129
3459 18549
1331 2158
97 131
3540 3806
698 1190
1995 2500
475 451
619 714
949 1407
3353 18556
3883 18615
2177 2759
2606 2948
3270 3431
377 334
4248 18717
2640 2802
922 1286
818 721
309 288
2838 18465
5393 7440
303 207
1272 1399
1340 2348
6834 8786
791 1032
436 600
18894 19486
1031 1661
423 501
3681 18597
574 764
3054 18486
524 402
3194 3097
3158 18505
3676 4257
6204 7135
602 825
18264 18873
2546 3115
675 654
3720 4027
865 1193
5309 7112
811 676
407 398
1259 2153
2154 2469
316 286
434 412
816 882
1532 1725
183 174
3850 18611
836 1274
7844 19843
821 866
2935 3134
19329 19554
6352 8937
1260 1089
3400 3602
1239 2165
2621 3086
189 225
3972 4111
2528 2808
18790 19890
18555 18860
220 201
1526 2240
1669 2023
416 392
542 557
2473 2980
4401 18663
551 577
789 587
2970 18464
1202 1649
4806 18723
4879 18698
1676 2382
3150 3391
18295 19341
3690 18574
1455 2157
18041 18782
3352 18506
1572 941
1058 1687
283 271
18199 18885
693 925
5306 18810
4552 18752
18063 18834
846 887
210 162
4518 18714
4530 18710
254 216
939 1629
536 551
1482 1258
2583 2533
320 328
671 553
716 1041
3560 18586
264 234
843 919
243 248
688 994
744 1085
421 483
4523 4146
4234 18626
19129 7174
18516 4596
2939 18508
4930 18746
267 265
2568 2701
351 408
327 268
2339 2520
1563 2418
2817 2775
3233 18475
18291 18926
1144 1826
2615 3027
701 522
1816 1757
19648 19599
291 235
257 244
2558 2875
771 728
4143 18680
1380 2036
287 262
4991 5338
1565 2113
415 427
325 302
4090 18673
1970 2067
3716 4038
18672 19414
18687 6511
271 243
3530 18525
356 355
525 897
2695 2405
4925 18751
342 307
4487 19021
646 1775
471 462
1447 2342
262 267
3658 18637
349 688
3794 18570
18801 6018
300 315
370 367
2454 1050
18647 19043
6980 19366
442 560
381 391
1080 1039
372 353
4580 5281
5080 4875
2518 2815
4983 18950
18395 19641
18671 19475
798 760
4662 18687
18356 18954
4820 18704
6054 7501
2930 2848
2436 2744
499 512
5308 5037
1932 1469
3315 3672
550 515
19000 18880
394 320
5908 18916
5244 18743
5717 5216
1180 906
278 233
18332 18944
8321 7799
591 718
18713 6455
1054 1083
3522 18581
2976 3090
3039 3046
4094 4752
4901 4479
506 558
399 318
3748 18677
5355 6609
4120 4351
18605 19095
3449 18599
1022 781
5216 4804
2132 2687
4012 4063
19572 19642
2156 2612
4513 4454
782 842
18732 18906
859 762
2055 2086
929 917
18212 18843
739 832
1316 1404
763 766
18505 19273
1457 1960
18663 19626
956 921
449 356
673 630
3726 3987
617 680
1348 1703
489 388
389 469
861 824
386 429
622 610
1963 2639
1046 1289
607 1455
18128 19302
887 984
893 893
538 530
855 829
508 602
1072 1099
2099 2626
640 613
682 655
663 826
638 534
611 620
653 608
577 606
741 665
814 886
600 646
440 453
4030 18641
885 702
775 930
6679 6567
1210 1426
1277 1310
903 1261
18913 19697
2721 3143
2206 2339
896 868
1051 1103
3977 18608
1092 1197
709 645
5387 5188
844 834
526 563
901 982
2285 2623
4334 4807
667 579
500 582
18776 19294
963 1113
3664 3814
469 414
3653 18564
19032 19759
463 531
990 1300
1444 1988
620 892
457 504
18209 19287
599 540
1185 1299
873 733
19729 19232
615 589
656 767
1360 1968
880 950
971 913
610 609
1826 2450
780 696
1033 802
719 694
651 693
888 681
18611 19503
1675 2134
597 541
802 786
18196 6155
1163 1187
1632 1672
514 543
4062 4033
776 924
1423 1563
1047 1312
496 544
18436 6353
752 946
658 644
566 526
632 622
1454 1944
712 774
5940 18937
4809 18712
559 449
3993 18629
561 518
1703 1970
543 502
4900 18775
1301 1222
863 854
1796 848
1254 1053
933 819
904 1047
1050 1059
5054 18772
2488 1939
491 506
1483 2166
1374 1539
4058 4043
767 792
1436 1648
966 1176
786 742
1055 993
945 1062
960 1107
868 986
5793 5136
2444 2635
804 939
894 863
3570 3837
19465 19767
545 513
959 1127
2119 2372
1502 1569
1200 1257
1097 1076
799 940
1806 2394
605 574
664 632
725 704
944 949
839 916
731 685
1858 2713
630 651
3548 18517
685 663
1844 1949
2081 2216
2147 2312
1115 1180
697 677
18757 19638
1445 1527
1084 1126
4666 4961
4967 4401
5395 5411
923 1430
849 1096
2490 2967
926 1029
1655 2327
902 798
917 745
898 894
1442 1433
1221 1601
595 623
1822 2155
762 752
1191 1191
8685 6860
889 830
3252 18503
2467 2591
3020 18472
3410 18551
754 795
1178 1217
1615 1952
1935 2652
757 697
3249 3374
2215 2345
18553 6278
18131 19020
765 735
380 421
18838 19156
747 682
1126 1120
1019 970
2350 2584
941 1153
3307 3192
1243 1254
1334 1278
827 859
770 912
1110 1303
2002 1610
1010 996
1029 989
724 770
1543 1647
1399 1321
866 797
1712 2426
1061 1133
6401 7658
1136 1200
1152 1043
1068 990
795 748
1414 1738
1418 1694
18946 18871
1771 1395
19243 6437
1530 1892
686 612
19188 19521
1070 1035
892 1007
913 1008
1076 1241
773 1164
1808 2615
2022 2237
1057 973
1600 1942
1370 1962
635 634
18608 18894
1564 1744
1041 1144
2793 3091
3126 3228
1012 1179
982 1131
989 929
1869 2201
1062 881
1803 2663
1608 1893
1088 1156
1984 2116
1008 1094
1281 1391
1199 758
1760 1635
1338 992
840 723
2670 2997
1566 1699
1073 1075
1344 1641
18231 5743
972 736
952 991
875 874
1409 1489
2141 2774
1001 1229
1432 2616
1531 2058
1216 1163
2982 3078
1132 836
1284 1479
819 900
1425 1779
1339 1806
900 861
1171 1409
2287 1621
1366 1685
1624 1917
2904 3101
1118 1157
1190 1347
1681 1696
1489 1607
1275 1822
1174 1071
5086 18791
1140 1562
1519 1361
5740 4673
1769 1812
1798 2007
2016 2421
19193 19032
2024 2579
1048 1160
1134 1037
737 725
572 603
970 998
4219 4175
1395 2379
4171 4763
1795 2078
1354 1577
1279 1173
1240 1554
2846 2994
2887 3232
2214 2331
3124 3112
1396 1542
983 879
6010 6095
1319 2081
2092 2329
4962 4953
18859 19269
3148 3105
870 816
1245 1181
2355 2669
834 849
18888 19060
3665 3798
878 801
2512 3184
1891 2144
1304 2076
18346 19367
4771 5841
967 1058
2430 2528
2301 2478
1311 1951
1654 2148
2073 2198
2316 2629
1098 953
2201 2493
975 670
7182 6092
3075 2803
6805 19331
1852 1852
1987 2025
1955 2362
1596 2112
1671 2053
1156 1383
1824 2162
1295 1941
907 812
1936 2238
1095 1055
1850 2188
1307 1583
2048 2323
2828 3163
4551 5072
947 1380
1682 2174
1759 2069
1849 2260
3855 18643
1827 1592
1305 1663
2080 2538
961 961
18289 4385
1025 755
954 956
1345 1670
1104 806
2242 2457
1114 1355
2283 2489
978 1337
831 937
3045 18467
2605 2461
1165 1452
2647 2849
18181 5698
2399 2653
1693 2305
890 1150
1878 2384
1646 1611
1083 1147
1533 1475
1350 1486
1262 2135
2184 2363
1763 2516
2247 2518
871 1027
1368 1566
2291 2464
1270 1186
1222 1394
1205 1402
981 935
993 1341
1223 1508
1060 1116
1268 1514
1488 1985
1781 1936
1743 2050
1599 2000
2279 3052
1288 1609
1197 1522
2204 2649
3798 18653
1151 1256
1764 2226
1744 1769
1333 1974
2014 2279
1347 2068
1252 1184
1911 2223
1312 1398
2089 2688
1112 1363
1286 2033
1250 1359
2398 2614
1467 1902
1299 1010
18076 18799
1659 1570
1294 1586
1101 1130
1544 1868
3662 3773
1516 1723
1528 2008
2131 2306
2097 2259
5014 5217
1508 1762
1424 1745
1618 1840
2387 2589
1663 1921
1536 1912
7726 8170
1256 1320
18328 18918
5549 19014
2351 2597
1359 1669
1707 2696
1575 1856
2005 2321
1298 1534
1713 1780
1389 1482
1863 2139
1640 2014
1066 858
624 584
1212 1236
3129 18487
2198 2524
1924 2410
1388 1756
6550 19800
992 1558
1381 951
317013107 1051025362
1
sift 84
6203 5015
18121 6202
852 143
12243 11257
182 1364
13323 8097
2817 2236
6547 2200
96 541
8867 7135
1143 967
698 1997
1316 180
7705 10341
4271 5612
3025 4320
465 92
917 152
1031 2936
3459 19985
1145 135
5759 8161
2415 215
1216 198
14176 4716
242 1161
264 1251
1416 4216
2158 199
1134 170
2436 19876
1116 745
1381 156
438 3374
3020 19792
694 406
2320 1700
1284 1200
770 542
1258 1136
11586 10464
816 679
764 2949
1823 1583
686 537
1027 1312
1498 1497
2317 1731
1217 925
15692 8377
1526 1229
1319 1306
1832 1325
1380 1417
1305 1129
1226 919
947 801
1565 1303
878 885
1311 1463
1693 1363
1676 1260
1682 1271
1654 19924
918 891
1212 952
1141 1065
626 362
1037 1043
1508 1374
962 1270
2391 2357
3231 3251
1561 1507
1739 1563
1914 1294
3629 4482
1060 2041
1548 1578
1906 1321
1824 2573
1252 1910
1439 2235
1492 2909
317013107 2029785837
1
sift 869
118 202
1303 1285
55 42
252 184
154 168
3636 4353
3399 4061
94 79
331 312
64 34
3329 3803
2570 3421
256 211
397 326
214 174
3206 3344
146 121
502 1207
582 645
532 558
182 153
1264 1615
428 375
3255 4263
206 188
1901 1829
3261 5409
1942 1659
144 123
6212 11322
3209 4414
2691 3158
147 97
1257 1504
2149 1830
2013 3060
324 216
2526 2621
2547 2245
1343 1409
319 231
2882 3259
390 341
2480 2128
549 480
3459 3813
3386 4462
2088 2861
343 269
1928 2421
3466 4676
979 1306
3724 5156
4522 19687
364 411
2513 2525
3875 6345
1364 2509
4417 4655
2189 3356
104 187
1573 1885
3768 19666
4195 11337
1000 939
1726 1758
2177 2147
3419 4392
281 351
3420 4801
308 339
2651 3286
461 477
2811 2805
402 1718
3984 19683
153 140
2337 3472
3254 4133
3841 4329
102 147
2621 2833
89 139
3320 3777
475 398
2585 3513
629 1039
18047 19758
377 329
2663 3789
4491 5857
3011 4174
462 481
2901 3066
270 275
3007 3894
3883 5583
2529 2320
4911 9830
19546 11283
309 284
1757 2056
423 454
3013 3538
436 1067
3746 4236
3338 4806
3812 4839
304 302
2626 2374
3783 4547
18066 9690
2025 2619
2662 2526
3720 6731
3117 2920
602 530
2496 2328
2009 1811
4263 6397
6724 11866
2816 2672
3681 6001
411 1036
4017 5289
722 1928
208 229
556 532
704 770
407 448
434 379
3849 4219
1318 1971
316 291
338 569
3972 4499
583 438
821 951
237 244
1260 1323
4468 6615
3400 3846
6204 11305
183 241
2405 2634
707 489
2682 2757
1162 1307
200 213
2491 2583
416 461
542 457
551 1363
1353 1202
216 225
4807 5814
3690 4104
2963 4156
3326 4536
911 1174
846 707
375 232
851 1008
444 449
5305 10847
811 2061
283 262
4986 6824
4944 6495
1862 3032
1154 1589
4545 7661
643 869
210 162
580 659
536 502
18199 9206
448 353
5045 9119
1648 1862
1563 1562
2510 2794
1144 1101
254 221
4552 19760
242 228
276 276
573 1425
5404 10872
239 292
671 661
516 633
264 235
251 281
3716 4532
18169 6634
267 253
297 233
18456 10832
4049 8569
19680 11605
257 224
291 208
4143 4898
1816 1437
4991 7778
1447 1550
771 636
2817 2758
2802 3420
5299 7446
701 614
4632 5946
287 265
325 307
351 537
4925 5951
1993 2901
476 575
18520 12360
421 935
1108 986
261 239
327 396
271 249
356 350
688 1881
1887 1945
2998 3271
342 321
1694 2533
4487 19718
1383 2134
18501 10535
300 313
19521 11457
1971 2198
371 354
5090 7118
677 613
3655 4934
368 520
1580 1890
525 1235
4993 9714
285 401
7963 9823
4826 8861
3794 5240
19302 10366
18794 10836
1886 1977
372 362
4833 10620
2370 3016
698 695
381 372
3985 4444
442 660
4628 19721
301 289
2518 2348
3511 4609
650 2096
3791 4309
18636 10664
438 620
2453 2623
4983 9732
3353 4346
18671 10405
589 505
4662 7836
18356 10399
18841 9654
499 494
4456 8818
4107 4576
1031 1185
1995 2111
587 1253
277 218
18304 10962
4267 9210
550 495
18663 10648
2606 2851
3155 4168
394 342
3314 4269
432 561
680 1553
2921 2559
607 796
4941 9228
2156 2070
359 304
1198 923
1080 2267
783 774
3478 4939
422 357
1972 3062
1054 1475
18074 19899
2397 2104
2074 3633
859 762
5193 11782
18405 11559
506 719
18713 11351
373 309
18776 9297
2837 3239
399 344
2099 1998
617 522
2746 2542
929 799
763 861
386 365
3430 5483
3726 5006
826 2423
2144 2169
18176 10533
1765 1105
18913 10957
855 844
5155 9410
887 739
3059 2661
19114 10926
739 975
18140 10708
673 701
1316 1664
577 528
640 491
2160 3059
683 721
600 499
3977 4265
440 381
1046 1455
4775 10625
709 610
814 747
741 618
508 664
463 423
653 553
622 656
538 516
1091 825
611 560
1023 1284
18209 9701
893 864
638 591
775 1026
963 927
1072 1012
19134 12560
3653 4085
965 1224
903 1209
873 839
2206 1995
896 829
18510 11806
500 479
526 498
3083 3274
620 652
885 824
1120 2483
990 1142
845 792
1051 1191
1444 1668
906 1762
1277 1280
2875 3038
1006 1701
18025 19677
456 425
521 785
1360 1265
3360 3710
880 670
7034 12684
901 1121
1050 848
780 748
18303 11401
610 514
597 545
1185 976
1632 1439
752 885
1047 925
615 542
971 833
512 586
3682 6155
1024 1705
554 881
599 571
1826 2139
1423 1454
388 751
888 874
719 596
1454 1754
651 667
1675 2074
656 1042
712 579
510 446
904 835
514 472
802 756
469 468
658 623
19094 11339
632 527
776 753
5309 10844
863 978
496 501
663 1511
2187 2046
933 710
567 547
738 629
1374 1576
822 1109
574 683
593 2076
1032 921
3631 3775
1985 2200
786 790
1224 1300
1163 1114
1806 1544
451 386
473 416
945 971
18346 6965
1434 715
768 648
1484 1671
490 440
869 714
804 922
449 821
3548 3741
944 838
559 434
1214 793
966 843
4312 6831
3297 3908
959 1104
1436 1804
799 665
564 533
19523 11106
19396 11090
2444 2505
4030 9040
894 775
2120 2066
2094 2079
465 430
960 1004
1258 1212
1055 1020
5054 7956
1457 3056
664 589
2148 2114
1097 960
1200 1152
576 518
545 490
2490 2777
6078 11574
543 642
731 692
1935 1965
839 940
2081 2086
605 587
1615 1891
4900 11085
595 602
630 581
6468 12039
1178 1017
726 741
685 669
697 712
924 907
18115 10100
889 886
4777 8114
926 868
1221 1182
4058 9498
3410 4122
762 755
1712 2052
1168 1954
2617 2304
902 812
2134 2248
1445 1443
1115 1320
380 368
1084 1089
693 808
1202 1419
1600 1755
1058 1232
1497 1457
1532 2427
941 1079
754 675
4019 6306
765 615
1962 1581
953 914
2350 2186
1334 1045
18182 11293
1880 1901
854 691
1109 1309
816 689
898 831
773 736
748 463
1766 888
4876 11499
795 626
2470 2545
1243 1201
1793 2425
1061 1154
917 930
757 729
939 1170
989 931
1669 2342
3434 3832
2674 2683
836 875
724 703
1126 1073
1370 1646
827 988
892 758
1414 1609
744 817
5239 11774
913 795
1803 2102
3663 5415
1070 1350
2793 3067
716 806
1068 959
3879 5352
2904 2892
1073 698
1530 1792
1132 631
1008 782
18041 19846
1853 1181
3229 3754
1352 1345
3176 4610
1012 957
1419 1175
1057 1136
2140 2203
1177 1000
3124 3572
1136 1130
3034 3227
2990 3087
1760 1256
1029 1019
1010 1106
2311 1484
1426 1183
1001 1322
1564 1527
4401 9662
1339 1206
3487 4001
1984 2205
1596 1298
2191 2802
686 677
635 647
1489 1282
572 476
1344 1187
1118 929
1519 990
819 860
1608 1643
1399 1760
2702 2924
840 1015
1088 1131
1171 1590
1366 1452
952 950
1566 1790
1681 1963
1284 1337
2899 3163
1531 1630
2669 2898
875 852
1753 1412
1275 1312
1190 1231
2355 1994
3151 3606
1354 1395
1795 1840
1396 1614
793 884
1048 1305
18888 11464
1239 1441
2498 1719
972 890
1304 1515
1279 1399
1769 1603
2016 2329
530 1857
970 967
1798 2092
1831 1471
1319 1486
4801 9853
4216 9933
1240 1596
1849 1887
2558 2836
1850 1529
2863 2908
1881 2119
1526 1631
1844 2850
2630 2905
758 2398
1174 1372
2473 2650
2846 3024
1208 1351
1380 1566
870 896
1654 1393
834 847
1134 1081
19193 11035
1291 1314
2301 2099
737 743
1745 1162
1037 1226
2089 1568
2828 3166
1235 1287
2430 2284
983 1024
1145 948
19418 11953
1217 1288
2073 1781
1764 1637
2092 1960
967 1047
1262 1093
2184 2165
19748 10877
1311 1669
947 938
1723 2264
2488 3736
1368 1428
2647 2282
1891 1873
18328 7835
993 1107
2201 2212
1077 1138
1156 1156
1245 1135
2214 2043
1565 1730
1523 1241
978 962
1226 1297
1083 1179
918 809
1824 1783
2970 3374
2299 622
1979 2496
2603 3257
1759 1520
2048 1676
4228 7006
878 943
2283 2451
1098 1208
1490 1458
1693 1723
1647 1880
1410 1640
1205 1348
1223 1194
1197 1068
1878 2031
2716 2717
1307 1689
801 813
1988 2013
1295 1967
2532 2564
4892 10768
1488 1796
890 996
975 834
2080 2055
2866 3127
1796 3198
1166 1267
1233 1365
907 963
4002 4959
2391 2478
1771 2216
2908 3466
1095 1084
2318 2705
1676 1763
1310 1480
2967 3342
1333 1710
1345 1357
1255 995
1439 992
1222 1366
1112 1054
1599 1691
2819 2765
1350 1478
2014 2100
1312 1407
1151 1037
2375 3519
1101 934
2037 2554
1288 1405
1294 1490
1763 1976
1060 1124
1104 1002
1181 1354
1867 1677
1176 1061
1298 1261
1270 1236
980 1141
2658 3792
2387 2224
2291 2250
1389 1376
2400 2401
830 1198
2654 3918
961 1043
1455 1867
1544 1746
1372 1007
1575 1401
1250 1074
3331 4620
1682 2026
1781 1816
2204 2347
1359 1258
2582 3397
2131 2058
2005 2254
1427 1610
1516 1800
1630 1635
2176 2296
2024 3521
1066 857
1746 1408
3986 8507
18400 12246
2740 2647
1393 1092
1924 1927
1536 1683
2194 2130
1560 1628
1739 1846
1659 1767
18744 10662
5781 10682
1528 1835
1269 1784
1602 1848
1541 1560
1744 1917
1508 1844
1548 1621
1663 1787
1341 1537
5086 11507
4233 8722
2196 1747
1845 2175
3088 3549
1256 1402
2158 1732
2344 2490
18909 12312
1212 1347
1552 1768
2804 3526
1713 2039
4475 10238
2867 4148
18201 10796
624 673
2797 3414
1914 1973
1640 1777
2431 2337
1789 2126
18255 13063
1381 1279
4174 10469
2031 2121
6068 12087
18895 12656
2066 2089
2343 2349
4759 10049
2614 2823
1415 1713
469210130 918342931
1
sift 58
1695 2910
9339 11347
55 59
112 82
3278 3445
14152 10133
750 918
155 197
115 137
6379 8417
976 1385
190 368
3206 3705
5159 6807
2826 3483
706 1557
1514 3154
5021 6266
2255 3230
760 1119
2932 3748
1015 2178
1571 2636
3675 5648
289 605
5549 7188
6374 6734
1379 2790
917 1872
4776 5535
5466 5638
3866 4062
4922 4801
3506 4279
5137 8410
1907 3141
4487 8920
4087 5167
3858 4779
4097 5192
6914 6310
2790 4037
1679 3235
4542 5840
4077 4545
2797 4076
3008 4156
4549 5474
7917 7744
3045 4595
7442 6698
5332 5608
4137 6264
6336 10926
4240 4848
9616 10791
7024 8572
5788 6691
469210130 1255900576
1
sift 84
5897 6727
3992 4597
426 779
187 215
4843 18009
167 217
828 1579
214 366
243 293
2055 2663
441 903
687 554
1065 1359
374 435
2374 3526
2448 3373
344 904
1337 1800
2613 3574
3498 3642
1076 2008
914 1213
463 732
2126 2388
309 522
416 642
1506 1882
458 658
1381 1790
891 1763
360 497
456 645
2167 2555
1148 1537
1621 2316
2449 3379
1551 2268
3436 4011
1543 1277
1503 2215
795 1074
526 536
2011 2952
2861 3714
1748 2208
3384 4278
3863 18176
1603 2385
1998 2551
1193 1362
2396 2797
1489 2196
1060 2230
5170 17917
3439 17579
1949 2784
4963 18433
18059 19219
3461 4183
4272 6290
2223 3097
4500 5083
3989 4735
2837 3914
4139 5663
3520 3973
5531 5650
18513 19121
1903 3336
2339 2499
3708 17795
2217 3310
3543 4379
1143 1941
3467 5324
3104 3732
4997 6063
2042 2209
18856 18896
3605 4772
2498 3290
6217 6012
4064 6446
3039 17812
507164790 918342931
1
sift 131
132 124
1417 2505
3476 18715
3413 18501
341 317
835 890
491 456
1926 2668
2004 2920
1009 1732
381 382
696 618
321 287
509 496
862 1753
790 715
549 500
1012 1519
6838 5228
462 303
2218 3247
2168 3186
1391 3264
1751 1980
1309 3252
1927 2998
1247 2189
3341 3603
1081 866
981 988
2419 3860
1346 1089
293 271
1651 2337
888 1572
2948 18506
269 216
1537 2802
1405 2246
279 234
258 248
877 1190
1200 2271
6225 18771
838 728
856 1582
1094 1286
281 262
386 307
2621 18476
1233 1660
267 242
367 302
1904 2861
736 780
323 390
1709 2814
1341 2348
3215 18589
576 462
5767 18756
970 764
1471 3100
412 315
365 353
1743 2808
943 1650
1364 2342
464 591
1211 1275
1879 2819
505 512
969 1083
1923 2857
1749 2687
3841 18677
2087 3086
2542 2556
812 917
2073 3300
948 610
958 984
1720 2885
831 647
1060 924
753 925
1454 2450
725 589
804 920
921 696
1292 1300
1487 2620
882 563
773 544
5128 18929
1569 1672
1372 802
1498 2573
954 542
949 644
718 574
2356 2639
19247 19396
1948 2312
1667 1648
1003 685
771 513
928 632
2611 1949
1328 1077
1532 1257
863 859
756 912
1195 1133
1077 1043
1258 830
2175 2584
806 856
1303 1156
1124 1179
1065 1164
979 874
8884 5657
1299 1173
1716 2174
18735 18785
1674 2032
913 1383
1226 2081
931 1346
18398 18799
507164790 2029785837
1
sift 109
491 312
380 524
341 318
461 398
1247 1616
1577 3312
321 285
888 1504
1187 1069
749 376
1202 1803
550 454
2334 3488
1442 1885
862 1928
3467 6553
1189 1306
3234 6001
729 532
2087 2833
405 243
835 770
6525 8609
1309 3603
1009 1307
2391 3615
3341 3845
2168 2757
603 287
1012 1009
1927 2583
509 449
1934 2786
269 221
558 371
258 227
279 235
1405 1589
301 208
281 265
386 321
267 248
367 307
323 373
1651 1944
412 313
1201 1889
1710 2348
2705 3899
1516 1977
19437 11090
365 362
706 1235
6225 10962
1571 2362
505 494
600 1554
1688 2623
2788 4168
2661 3721
1653 1485
675 505
417 342
877 695
1234 1185
608 495
1177 1025
969 1475
387 219
2060 1875
812 799
856 1720
3449 4102
1702 797
1489 1668
948 656
1454 2139
1060 753
725 542
883 497
916 479
1569 1439
828 426
965 536
557 415
1923 2290
954 471
687 535
702 518
1372 920
717 588
1127 775
1843 1378
970 683
1003 692
1134 1309
1502 1018
771 490
757 690
753 808
1258 886
854 758
18587 9105
1116 1187
1124 957
9496 11591
1303 1131
1226 1486
1170 1843
667214609 766438320
1
sift 62
273 515
4181 7477
254 397
183 376
392 704
1355 1450
376 543
262 424
4157 5042
762 1438
302 388
794 1167
2982 2965
712 978
550 1099
2562 3434
721 1606
615 999
927 1441
433 580
585 819
645 699
664 799
2041 2476
876 1279
1477 2635
17868 5387
18039 5531
1096 1761
608 750
2090 2786
2406 2977
1834 2444
3646 4259
2456 3036
552 808
3146 3533
606 726
1885 2032
870 1291
4770 7160
1236 2097
909 1469
839 1268
2728 3025
743 1142
1175 1867
4170 5487
2550 3843
1688 2179
832 1663
1137 1627
1566 2052
1454 2083
18390 7446
7346 9673
1686 2288
1812 2249
18929 8416
5380 7275
19677 7950
1666 1773
766438320 1051025362
1
sift 57
161 29
2633 779
1559 1971
369 3156
268 127
452 3745
2256 4798
814 217
4523 5950
788 1308
524 493
543 3881
4516 6766
828 1233
587 209
5708 6878
727 1157
493 2029
2548 1468
5250 6534
402 150
392 208
5265 6491
600 482
612 194
578 344
590 309
4185 5616
774 849
1642 1097
1198 435
3293 4335
1076 692
2233 906
3443 5053
1204 1237
944 836
732 1264
718 1739
10523 16578
1565 504
928 676
4490 19939
997 845
1080 673
1541 609
1674 661
1725 1028
2592 1438
794 696
1457 1105
1558 1092
19026 7320
1319 2433
1311 2209
18654 6003
1307 2281
766438320 1255900576
1
sift 180
1702 312
4356 3959
152 72
7568 9474
124 86
268 140
108 87
5121 4573
1838 866
149 111
4638 17727
3308 2766
204 115
4156 3799
4961 3490
3878 3430
3614 3233
475 438
4225 17629
222 121
213 114
1199 1462
2280 2297
172 92
535 292
467 914
989 698
2252 1936
171 104
345 339
2941 2904
522 235
7114 5798
426 801
4197 3392
6200 4759
3464 3092
2503 2506
2049 1968
6826 5609
621 623
560 535
2198 2111
6372 4658
382 191
424 526
665 510
344 240
606 462
9021 5499
4376 17560
6151 4633
6838 5793
907 963
1939 1901
529 256
6723 5096
1598 1340
1687 1234
9977 9675
516 352
6253 9913
5751 17925
6365 4323
781 718
1321 961
2310 1769
9908 9974
591 456
849 1067
19681 18150
1570 969
8688 8084
2476 2703
19221 18408
7839 6133
2767 1430
1232 1158
4364 17903
5399 4544
2036 1289
10876 12948
4507 17658
5904 4096
2319 1560
3079 2959
2972 2625
6607 6078
6748 6132
3772 3880
5697 3530
11331 11507
9461 6992
8592 9615
2893 2686
4415 4254
2646 2021
618 1090
4024 3390
3158 3539
8017 5905
2581 3047
6523 18078
7990 6425
6551 5088
5343 17973
5236 17955
8513 7818
5755 4624
1298 1357
2922 2831
5598 4474
5233 4333
2772 2144
4036 3935
5225 4434
8396 4963
2786 3314
3715 3768
1525 1524
2145 2348
6045 7959
5208 3798
8917 6493
3124 3120
780 787
4052 3678
5614 4614
3463 3243
725 651
3468 3140
6102 4981
5056 5630
1335 654
5271 5477
5712 5606
2263 2643
3512 3359
7698 5937
2235 1734
400 630
5720 4032
19640 10587
2032 2104
6842 6429
5273 18525
6319 5730
6428 5257
19509 8431
19280 5792
7128 6612
371 538
402 260
385 541
490 419
1664 3203
509 484
1141 1004
1468 1900
983 938
7085 6430
2217 2345
478 825
1792 1632
7600 7361
4427 4221
1900 2162
1182 906
1132 1041
7073 7859
2165 1810
1813 1464
2290 2058
1357 1334
19803 9296
7138 10487
19796 6836
2571 2481
8155 6356
5414 6232
918342931 2029785837
1
sift 719
18514 2698
251 184
52 42
456 312
89 79
2505 2023
18633 19666
99 90
3808 3304
261 222
18678 3816
18683 5156
90 81
1170 523
124 121
889 771
1853 2182
363 375
2189 1616
143 100
1732 1307
1790 1928
219 188
19448 11322
213 216
3186 2757
2021 1971
1215 1028
2797 2002
229 231
2998 2583
3252 3603
2354 1830
2910 2752
2668 2245
495 450
660 658
362 341
3059 2601
482 480
1519 1009
2246 1589
18501 4676
2710 2110
2592 2297
987 869
19047 11229
284 269
18497 3344
18534 4462
2507 1862
18796 11476
18651 4655
2530 1504
317 318
2337 1944
18895 10535
903 939
18523 3799
279 270
2406 1977
2270 1889
18717 5266
18549 3813
204 272
18623 4444
18554 4609
2759 2147
779 557
714 572
2923 1658
2500 2111
3806 4733
18657 19727
333 330
2948 2851
1661 1185
451 398
2742 1758
129 138
2802 2998
18556 4346
4345 5857
2869 1885
18615 5583
18465 3240
3117 3948
303 263
1797 1410
287 285
2720 2169
4056 4629
500 456
3086 2833
600 1067
1582 1720
18632 5670
18597 6001
3955 4175
397 447
1296 1762
18612 4759
825 530
5504 10410
412 379
764 683
18656 4622
3845 5575
4689 19757
18611 4218
2153 1211
18589 4894
466 431
4202 5774
4027 6731
882 689
5629 11287
4288 6615
18494 3700
313 570
1274 875
2818 2278
4111 4499
2809 2320
286 291
2240 1631
2857 2290
1089 1323
2609 1467
3602 3846
2980 2650
1725 2427
866 951
4176 4685
174 241
2906 2716
1649 1419
392 461
557 457
2975 2904
2023 2342
18574 4104
18722 5814
18462 3376
1687 1232
18809 10847
776 709
18849 19778
925 808
18865 10113
162 162
2382 1763
2871 3118
18769 8713
887 707
2157 1867
18782 19846
271 262
18885 9206
2564 1845
1084 816
595 725
215 220
1041 806
18727 8632
550 503
1628 1171
552 662
250 233
5400 9845
234 235
18665 8906
19541 11132
235 208
247 228
18765 9981
18927 10203
237 334
2113 1730
2775 2758
4938 6377
2036 1566
1757 1437
265 253
2875 2836
522 614
5338 7778
3275 3271
1933 1174
509 606
1826 1101
18680 4898
18751 5951
244 224
281 257
4214 8787
728 636
19710 10762
262 265
302 307
18756 5439
242 248
408 537
19561 10366
19452 11005
994 1881
4451 8569
355 350
2342 1550
307 321
266 239
5083 10148
19519 10769
2098 2558
366 354
2177 2134
315 313
18880 11041
2602 2238
18637 19689
19354 11539
18676 19707
18955 10082
2694 2207
353 362
19475 10405
1873 1903
18954 10399
390 373
4484 10006
2815 2348
1013 1485
897 1235
18687 7836
18709 10264
4354 8792
18596 4309
232 218
320 342
340 357
3225 3721
297 305
512 494
1145 1317
718 507
515 495
1632 732
318 344
1039 2267
18530 4939
19207 11231
3208 3594
1343 1215
19276 12520
2458 3388
6455 11351
323 309
4196 5159
3090 3274
2612 2070
840 773
1083 1475
18608 4265
762 762
3988 5007
19294 9297
917 799
765 862
558 719
1404 1664
665 618
680 522
828 845
429 365
452 382
656 721
630 701
613 491
984 739
2626 1998
1289 1455
608 553
533 592
473 470
893 864
19697 10957
645 610
18564 4085
958 2423
702 824
530 516
19327 10184
1099 1012
646 499
606 528
832 975
610 656
620 560
733 839
886 747
1197 827
490 512
868 829
520 555
833 792
1103 1191
6589 11688
930 1026
2339 1995
1113 927
1261 1209
409 445
531 423
1309 1281
3237 2731
18677 19737
581 478
4713 9264
4492 5630
562 497
18645 19677
681 874
414 468
1300 1142
541 545
695 749
504 426
1299 976
609 514
588 543
950 670
1988 1668
1059 902
540 571
982 1121
1455 1071
913 833
3774 5903
3764 4264
1563 1454
405 415
2134 2074
629 536
356 821
1944 1754
694 596
401 385
527 547
1968 1265
1311 924
891 651
786 756
1672 1439
542 471
424 409
1111 909
2450 2139
19287 9701
898 921
1539 1576
686 629
4170 5421
1047 835
774 579
692 668
1187 1114
923 754
946 885
819 710
621 526
854 978
1536 1717
544 501
1648 1804
644 623
506 439
472 518
518 535
791 648
742 790
1061 972
528 533
2635 2505
4861 9820
985 714
993 1020
1176 843
949 838
468 751
2395 1545
2374 2066
826 1511
3078 2751
4126 4936
939 922
862 776
1127 1104
6103 11387
940 665
2167 1671
2262 2062
1107 1004
4886 8928
18516 3742
18641 9040
502 642
1076 960
18909 7648
631 590
2313 2114
513 490
1257 1152
685 692
2216 2086
5743 10540
1323 2536
916 940
969 541
18948 11988
682 458
1568 1839
804 1470
1527 1443
574 587
623 602
1216 1018
1952 1891
651 581
1601 1182
677 712
1029 868
745 930
705 741
2652 1965
2967 2777
894 831
663 669
1180 1320
18795 11992
1278 1045
830 886
1125 1090
752 755
796 563
18734 9698
798 812
19434 10221
992 851
1597 1115
836 631
795 675
1431 907
1152 1080
1120 1073
2584 2186
735 615
1035 1350
929 931
2426 2052
1133 1154
1254 1201
1942 1755
990 959
848 3198
859 988
421 368
6262 10621
989 1019
1008 795
697 729
1075 698
1479 1337
1361 990
996 1106
1302 1308
18472 3684
1007 758
748 626
1478 1078
1199 1129
3091 3067
1738 1609
1094 782
1892 1792
1635 1256
1161 1155
3101 2892
18718 8116
1223 914
973 1136
634 647
611 676
3112 3572
1434 1000
1321 1760
1131 728
736 890
1191 1492
1744 1527
1965 1411
900 860
2968 2683
18920 11789
881 1165
3217 3235
18775 11085
708 948
1961 1645
2663 2102
1229 1322
723 1015
1502 1918
2116 2205
1156 1131
1165 735
1179 957
1157 929
1867 1345
991 950
1893 1643
1460 1169
1292 2251
1806 1206
2078 1840
19060 11464
19032 11035
2112 1298
18642 10191
1696 1963
1699 1790
1347 1231
5344 10262
874 852
1662 1250
2007 2092
1836 1205
1507 1221
18513 3754
1172 1400
603 476
2528 2284
1685 1452
1554 1596
2669 1994
1822 1312
2803 2736
1037 1081
1577 1395
1159 1304
19098 9490
3144 3185
2058 1630
816 896
1542 1614
778 884
1812 1603
2107 2277
997 968
1070 1371
8066 12899
725 743
2774 2204
2053 1665
19349 11474
2994 3024
2421 2329
1409 1590
879 1024
2088 1612
1181 1135
2198 1781
18577 4731
670 834
5000 9646
2329 1960
2478 2099
1852 1583
2148 1393
3082 3352
18614 5415
3187 3283
750 810
849 847
2331 2043
2629 2269
2238 1435
1612 1880
2849 2282
2323 1676
2260 1887
19293 11974
2144 1873
2188 1529
18785 6971
2069 1520
1565 1429
2489 2451
1622 992
1057 1046
789 894
2081 1486
1639 1287
2161 1782
1383 1156
812 963
1090 2582
2558 3328
806 1002
2363 2165
1019 1137
801 943
2765 2190
2688 1568
957 1189
18918 7835
2493 2212
1486 1478
1147 1179
1678 1273
2024 2013
933 912
1583 1689
1817 1436
1522 1068
2278 2101
1402 1348
1012 974
1129 933
1508 1194
1186 1236
3162 3167
18719 9659
2538 2055
1608 1406
1116 1124
1337 962
5698 10690
1444 1694
1868 1746
1341 1107
1379 937
2135 1093
2226 1637
2464 2250
1951 1669
1398 1407
1352 1333
1941 1967
1476 1163
1523 1572
1453 1267
1150 996
2597 2429
2321 2254
1670 1357
2589 2224
1856 1401
1055 1084
1936 1816
857 856
961 1043
1256 1037
1911 1682
935 1140
2383 2030
937 1197
1985 1796
1394 1366
2305 1723
2306 2058
1669 1258
1287 1462
2174 2026
2000 1691
2654 2401
1481 1375
1570 1767
1586 1490
1358 1075
2429 2502
1722 1801
1814 2105
1184 1143
1213 1466
4624 10238
2108 1983
1974 1710
1362 1055
2008 1835
2410 1927
1198 1117
951 1279
1320 1402
1492 1574
1769 1917
1134 1293
1657 1959
2051 2162
2419 1882
1356 1556
2047 1507
1921 1787
584 673
2522 2313
1780 2039
2516 1976
1531 1825
3353 4014
1984 2211
2705 3040
2117 1728
1400 1833
2203 1577
2682 2659
1800 1751
1751 1931
2772 2665
1465 1368
1384 1487
1051025362 2029785837
1
sift 85
14827 6341
2936 1185
4327 5311
11945 12785
17113 14067
1364 153
3948 2133
2236 2758
6905 3513
106 640
4203 2292
5294 685
19953 3129
180 1664
3679 139
5128 11184
90 422
92 430
212 983
170 1081
1557 2259
155 1278
171 1198
3369 2739
187 1422
327 2486
1137 1211
1445 1205
529 690
19950 3684
9205 10021
4721 1624
456 786
2733 2725
446 735
2528 2777
622 737
1286 1418
5133 2187
924 1289
871 1227
1192 1635
1129 1349
1229 1631
1306 1486
951 1314
801 938
1417 1566
1065 974
1303 1730
811 1054
1470 1651
1461 1723
1821 1675
1280 1763
9862 6863
1416 1640
1810 1688
2374 1480
1269 1002
14488 9624
3476 4893
1604 2027
1914 1843
4733 3930
1179 1848
1232 1620
1751 1547
1494 2069
1294 1973
2000 2874
1170 982
3992 2990
1658 2121
5472 9077
2418 2803
993 1048
1911 1956
2205 2033
2290 2530
3830 3963
2441 3507
4096 4119
1430 2009
1886 2036
1225063957 2029785837
1
sift 73
1580 3190
1751 999
1861 1559
642 1968
3895 4061
392 375
230 1111
994 1589
109 121
5512 19687
63 85
1721 3230
902 1173
607 318
2494 1658
3949 4499
1252 2198
3481 730
460 1051
3772 4219
19506 14105
493 284
455 379
630 488
727 431
3302 3454
19808 16046
204 220
201 208
279 233
2161 2359
253 228
266 253
442 354
3466 3271
3021 2758
17460 19718
7591 10366
499 350
512 314
17473 6457
4018 4265
6469 7836
1209 494
495 304
761 342
4894 5159
6981 9297
4007 4102
4166 4085
1860 739
383 1707
1428 591
19259 12593
2351 3625
1767 555
1363 343
1014 309
1777 1965
1889 1821
6557 10568
970 3407
5389 7835
3356 1281
7603 10540
6696 4905
18348 5423
2179 676
2328 2980
3761 4069
17859 11406
1205 1338
1885 1448
